0,1,2,3,4,5,6,7,8,9,10,11,12,13,14,15,16,17,18,19,20,21,22,23,24,25,26,27,28,29,30,31,32,33,34,35,36,37,38,39,40,41,42,43,44,45,46,47,48,49,50,51,52,53,54,55,56,57,58,59,60,61,62,63,64,65,66,67,68,69,70,71,72,73,74,75,76,77,78,79,80,81,82,83,84,85,86,87,88,89,90,91,92,93,94,95,96,97,98,99
-2.037007591176196,-5.132304428772551,-6.94710693564355,4.559294409297321,-4.301346204327791,-0.6853077505775644,0.1359696479555873,-2.506719399113238,-2.7027258391943483,-4.008803117805046,-6.0762943583999105,-4.350726411918423,-4.085352371219905,1.7059938019045107,3.582749935977999,8.128019283611598,0.8498045782552412,5.137265414986248,-4.166700410090295,-0.7298838070402756,3.1054200732491593,6.740892131125108,-2.240353441813188,-3.0087371526088615,6.418569012669019,8.2995211750042,1.054931572222391,1.2154048628556922,-5.699975076791468,-7.125193032420822,2.503719260520492,4.016714803901555,-3.1224932310354507,3.101030837967806,2.2885968052013754,1.8135477183611999,6.900374294978594,-2.629078562616317,3.972113369891443,1.3012232290983068,-0.007153055269948361,2.0837822802457913,-2.957609519378458,0.6262695025352132,0.5312194898865892,6.638389538083717,4.768382487217766,0.03964385623148248,1.2682732511475787,-2.0659253060474017,0.3300178341968829,1.8340368387655523,-0.7988753372730433,-0.6728710565489182,5.906656448681133,1.3622689810527797,0.2406134993704212,-5.87026522884929,3.998016168927615,-3.8710068133016176,2.483240726503733,5.263361893736409,1.84969602333567,-1.426469344624863,-6.546453937144953,0.3871735881917564,2.7095722404584257,-0.413733381599108,-1.1950154844449337,2.9521669039201255,-2.6078749661419645,3.802231012107912,8.361406017064462,1.5508869089888293,2.9004498493647186,1.4792524299969714,4.476053701290467,-3.7810819785237353,0.007281055899746258,4.099246983457092,8.416904724090184,2.065866909739273,4.186408470902984,2.5576791236071577,-3.284741526625789,-2.492427618291087,-3.8389145363284136,-0.8046352474078695,1.799301912444757,-0.00315614097185013,1.2381581299173408,-6.412179820894886,3.3492925735763857,2.592963589412183,-0.17507589694641834,1.1438673227476581,-2.3572197219576694,-1.2032938176732357,2.988976310249434,-2.012885031400666
-3.3168941951602555,-11.495241813844352,-10.282278092914941,4.786656617739441,-8.152494148460184,3.4683453544697755,-6.076418874984373,-6.549527615517363,-7.0591312711384155,-11.52196635241953,-10.806744451763965,-3.8592994912718774,-8.165705910156916,3.300513068498754,16.403021007916493,10.126960549105382,-2.599064958699816,5.13593685129833,-3.2713989450062284,1.0724428429504482,7.316247143154767,13.165731516941204,-2.914122518835242,-4.023096100381123,12.96114551981,12.020499274689705,2.8736720878083295,5.137749829550261,-8.255976133115814,-4.651590113117596,-0.5118455428025084,9.576851680581992,-3.41515006944571,4.7741715839798395,0.8704150875977401,4.529211129653744,7.867498497865176,-3.9865028782025873,12.17035375747617,0.8845587413686387,2.1748552374889734,-2.39439882190129,-12.086980916774476,8.349828773192309,-0.4049852616703582,6.594014265750475,10.463529780856126,-2.0152985861836195,8.16970980371607,-0.1715241348208063,-7.964394277283054,6.1967368367917715,4.498252466418526,-0.9279530626503636,8.85264975690871,-4.080099067522769,-0.26040778941763865,-2.6008447443608844,5.910852729181492,-4.944665238086445,-2.7258435709215796,15.457664748102552,4.788010175226076,0.2755047848482528,-13.8355802342918,-2.460457779187382,4.396928576382544,-3.241249174710102,0.5997106229146036,5.920156078423,-1.7669348790015214,7.195800321455682,15.743366032710217,4.5317549778738275,2.131974657276986,0.0736610298037419,17.91771017774077,-6.323182058029763,2.451856807891752,4.490957277537453,10.556728588381084,6.9624821327633875,2.2774193463977905,10.200479884757389,-2.089874185493343,-8.59991051745236,-5.5729334591888815,-1.6665099496377578,1.7508814141763214,0.008686581436238017,-2.3710043860225625,-10.951953705763884,7.929101062515537,3.4438891755405705,-2.599352990379209,3.1817465572594745,-1.8200426028163035,-2.5468258225817575,7.873999882511971,-1.4292217501854438
-4.915459894553628,-17.73321684875577,-14.287518631063518,6.943222833885639,-10.907661210896416,6.360993683492397,-11.390319159548405,-10.026840850970878,-8.75018390409493,-16.455788800737395,-13.110325499113474,-4.509446580702089,-12.116383164896881,5.548865965036777,23.417122840609697,12.451151733979458,-5.364786293688791,5.56800506501954,-2.0926394564079898,1.3991299079491624,11.154577685950503,17.774422440857553,-3.591827182514881,-5.337694103855911,19.200668417700406,15.282484020713195,4.345051264483047,8.28880274769184,-11.02019140904847,-2.5186586019203157,-2.5147560788296452,13.795211830105828,-2.815756854674726,5.9456637803291175,0.644997885189551,6.138612999962319,9.194005418420153,-3.970107574613803,17.23030722047368,1.5031292905565294,2.9224045907785277,-5.215327067569135,-17.91323390556528,12.324897734515634,-0.9682000788350393,6.871058424075866,14.221281159572305,-3.487081312495486,11.970388133878252,0.9741846422956141,-12.141372932398834,9.734945260455799,9.088673374102472,0.23734940039137253,12.122669651459482,-8.580538281858727,-0.8700405537625326,-0.48822481739210044,7.35656448861827,-6.53292847523276,-4.362213709174412,23.607081409939873,5.946085752118854,1.907770047093888,-20.601609734849013,-4.355233602258804,5.742741544189279,-4.290700115372262,3.0193127228649197,9.178708908377814,-1.6070307708037062,11.1956852775492,20.7357601820701,6.241281229157566,2.198920960198114,-0.5424546056748284,27.37179658758025,-7.767650787769708,4.63622272384799,5.948804976093425,11.949828232631916,11.781213219490331,1.8447523848472016,15.370424398178184,-1.363667144921032,-12.349538353576238,-8.353561681437514,-1.8043113777419588,3.341715678222216,0.051555237927382036,-4.126016778927856,-13.504392513777649,11.712871265583408,3.3932994500546947,-2.4951494443099063,4.200983828813078,-2.473736804846639,-2.6786050401965484,11.313844701054228,-1.7709026389578293
-7.049577926552938,-22.78276039973308,-18.07145270392823,10.949625702249946,-12.219004325369797,7.591614495625236,-14.636784997209306,-12.896731731950098,-7.183981509097983,-18.199744148153705,-12.839155792130176,-6.451982595130018,-15.919663286699208,8.330148931887694,24.116984829011688,14.936263517407188,-6.271934990059937,6.979907986991382,-0.9581333194432322,-0.22853071754876497,13.939445165618457,20.963179235048536,-4.800139370138952,-6.401436183852451,24.403487639765142,17.648780916138655,5.381562258443658,10.52273976258451,-14.428326813961712,-1.2647855859853294,-3.022869353067297,16.427377791135655,-1.8504572701146493,6.377921904085962,1.8524358405648642,6.256396452176418,11.272585862402824,-2.997065767044028,18.07427858029568,3.046557250102574,1.6033680000283053,-5.712965231398194,-19.330892914584133,11.564372845550174,-1.0718075287803597,7.656077002565361,14.866896536060674,-3.7851627972219166,11.467097161106246,0.5638011547280464,-11.451148505502363,11.656017027464982,12.04955692844129,2.9231847315977912,15.280964089226638,-10.83540349198923,-1.2514715999175765,-0.683148274516296,8.125350863259065,-9.055746442141976,-1.9500625467584864,28.343444953831707,5.116173872662381,2.9935398105562356,-26.34779280103876,-5.240946479036629,6.48907067152668,-2.622331310357408,5.34323178146944,12.136145449496848,-3.0922782448670096,15.389150035370289,22.70078040235123,6.346263679129141,3.3392032654851795,0.09304835873081596,30.69871333519916,-8.196522304648239,6.0516374583487,8.238501108835143,13.021118203140274,16.101886960879316,3.2036801157596266,17.134426861946686,-1.1882467638203362,-13.440737952061008,-12.176360213543713,-1.423622416002082,6.026110130848715,-0.2332441146461035,-3.4646115457688054,-13.695580182272302,13.615118206854854,2.597459517863323,0.4095470992467919,3.6280680039053745,-4.863180380330331,-1.2655897817615245,12.832919067191062,-3.333999226290972
-9.368002273157261,-25.089602022634796,-20.16842524153469,14.850258230700218,-12.542564415010963,7.51508932063509,-14.596184708764476,-15.129540543980811,-3.8386985996580014,-17.902547684655406,-11.903305678608776,-8.845414036603922,-19.363730222063012,10.444213193469684,21.721765672433584,17.23237952349751,-4.648097879336254,9.654660611878178,-0.5384423610178399,-2.8079191346535746,15.196491684571118,24.11088131014153,-6.989269816696368,-6.555173090387927,27.511379738936878,18.987837642602873,6.148404311316163,12.117759974987736,-18.26504106948189,-1.7336638959456323,-1.952980651227005,18.084846128863077,-2.1544063719544395,6.73736691439084,3.8092304209122387,5.083718412542673,14.557282470593467,-2.7168844918889232,15.942760114284287,4.277637058644925,-1.2163032827209759,-4.636453132931209,-17.573050173959302,7.838529866681922,-0.7122558122784088,9.293890128311677,13.283665226540396,-2.403066178357883,7.984344776807298,-1.2714884627518748,-8.227719877111571,11.552683746987007,12.410172855398551,5.941986289080023,17.3871212784749,-9.668774029965949,-0.8287174602632148,-3.7030159176139765,8.161836985948678,-12.4711435158868,1.9969418034705733,29.377373870636685,3.513102425125674,2.8841082077673565,-30.488808227993683,-5.663960621700155,6.700383716263688,1.2061817313039054,5.862920897719162,13.700173162480104,-6.44797392445637,18.583712209329903,22.636026510060532,5.310482002150096,5.139573083082044,1.8103364816099623,28.131327448122263,-8.486185530089358,6.2519129775695355,10.198197759113224,15.083152996845683,18.808709083538126,5.5214935811573085,16.06519071553626,-1.7454495207417247,-13.179302808281685,-16.018761599987467,-1.4224068206997496,7.972161974402145,-1.0962303885499236,-1.1940511783151737,-12.964450121272542,13.135445635529331,2.249666678526924,4.00851085792068,2.025177118474188,-8.261354862737992,1.014668568078553,13.140512905822854,-5.417277211704764
-10.709137053176487,-24.30037298807478,-20.18996324384438,16.60603893823218,-12.358329138912156,6.640593297569528,-10.966617692104505,-15.964912028627543,-0.8657471381597689,-16.78447196506778,-11.927770464146995,-10.732829713468643,-21.817496688073017,10.672557519123613,19.080654267533397,19.164273479983382,-1.5049687148168525,13.016334144650553,-1.3502623549837398,-4.852509397534725,14.99052124453364,27.12177194714755,-9.545654817771464,-6.252830809634021,27.704060990527235,19.867687296112354,6.808667984208495,13.109523085580623,-20.962045916078228,-4.675370334907084,0.651611961632514,18.838366267974497,-4.888630245385727,7.980638002150416,5.693961885952477,3.3441305591376125,18.937843342190906,-3.8869263560014513,12.9580619220291,4.028996096320986,-3.934029507997675,-3.240261093941359,-14.909205665091287,3.8978787259567564,0.3254330141730173,12.178125180907765,11.903857988716467,0.34152754720384904,3.865995467041551,-3.4330509714995783,-4.948554209520161,9.830300367141561,9.86093852261192,7.833277273830747,17.789583855467516,-5.11897224145386,0.6776109638520302,-8.943363834415079,7.938223074575427,-16.035815364440065,4.9127929204099665,27.455424774923788,2.342359383440427,1.3013149986671366,-31.992077573653923,-5.943254930513775,6.6591850099460945,5.116237419408128,3.6767522131756945,13.349280856200863,-10.373566924169142,19.560472838513952,21.792499235088563,3.716490865273708,6.871874380879228,3.7051815849645244,21.73826297327796,-8.961348173702564,5.28984039381347,11.148784941021841,19.159434530375897,18.54494974568809,7.766322850682874,13.273710396188129,-3.1969749362127353,-12.756840648287692,-18.488950534378944,-2.009399869171038,8.041643037743768,-2.1356323481024493,1.2480079035884524,-13.077126502315044,11.071217482373353,3.3292771573287148,5.6955845034719985,0.4831708650927711,-11.20494609633203,2.853954962836463,13.035945989388136,-6.883919223546184
-9.861614754976905,-21.749878786578037,-18.457659785275784,15.438624003594075,-11.692243952092312,5.041945752889575,-5.185954455310659,-14.400054796739042,0.46499703626549804,-15.256113576844994,-12.467139532104808,-11.562322126016321,-23.11988951465337,9.06778756784879,17.368721415248295,20.50607526379384,1.1151109551234761,15.763929538533663,-3.1711178700106886,-5.891194173414813,13.631527154403402,28.6269169775442,-10.892684761669729,-6.9815436094529915,24.687429731128802,20.85308968859936,7.392736996235469,13.068199796724539,-20.442897703237097,-9.721396441883597,4.36527768662015,18.047309085576067,-9.445130024954855,9.946185154240814,6.935856845309873,2.0062028781780343,23.131147958761396,-5.710312056386564,10.626896318673136,1.9219228127344619,-5.143171463097438,-2.264154643463777,-13.096628243351546,1.7410742212916448,2.1941821050744963,15.865085139025233,12.434413891830939,2.9196319010460354,0.3863253661120938,-5.094089105341437,-2.2793370113194484,7.69432537012161,5.39924041865449,8.077895279797097,16.46581802484379,1.3000236698550225,3.068901780403875,-14.66627347571178,8.44256916626235,-18.578003746367678,6.416774371954985,23.925606344025038,2.1588561914435465,-1.2458062879908622,-29.74116250283149,-5.946536801150219,6.460562171836358,6.8025523654224385,-0.11060103591076942,11.454923752142383,-12.93806905655548,17.787588072035923,20.59847578376698,2.2186769449852033,7.853936856681232,4.5876402732300825,14.24767542662169,-9.086493330515765,3.542828723933016,11.332234478828447,25.229273978791554,15.097960243897987,9.410614077646864,9.829175796006814,-4.787148776082256,-12.370420212081807,-18.3187475494534,-2.134489088576786,6.261071726716546,-2.5083041870504124,2.5751997675259006,-14.31178880526178,8.97094057666542,5.40184484755796,4.291940184469174,-0.8400257422857229,-12.665456488906681,2.938111785029516,12.418594753049415,-7.060561410407693
-6.448995488041822,-18.74860444328365,-14.686010422768994,11.986382933622917,-10.1733235747707,2.8730052108378366,0.1783002979842232,-10.663319634174407,0.8891058248918617,-13.091496591919512,-11.710976001553599,-10.998032731153915,-24.005051927733096,6.614132440992757,16.83695264441592,20.36214120076632,2.116605983938064,16.72874149459934,-4.815182424399266,-6.613083019806406,11.57843861205495,28.118190275324558,-10.061877458575637,-9.593840295870212,18.744087583974643,21.564283152984725,8.190900933472841,11.716206205741496,-15.921348875365391,-14.354231465080172,7.866148610396063,15.69479016972673,-13.610675129127147,11.227020942927858,7.190980393139546,1.4399465525035038,25.0814285108949,-7.102962965582202,9.233542726853145,-1.9287103433685164,-4.943039531314385,-1.972516681777794,-12.446191233141514,1.6623220970685286,4.617393076743026,18.635146100824937,14.381351511524159,3.9104454040692933,-2.6616207110939554,-5.8839245083328855,0.18420329143648118,6.178869140427851,1.0167157497911765,7.839517697904769,13.678529668584837,7.495956101555162,5.867728723807732,-18.504910989020484,9.797382115323822,-19.170341957652287,7.795457955248795,20.181948187798987,3.0412740390767263,-3.6667832338032316,-23.633915545333824,-5.43406170557328,5.9639136501065435,5.686269555929206,-3.29157364468177,8.768788049151148,-13.201205926991271,13.942244088843447,18.501473069718326,1.4190284365481922,7.792480929605695,3.942849442571101,7.610155974712375,-8.081319024095512,1.210483957957993,11.135096943907783,31.94208863980709,10.039230435516703,10.247939942218633,6.5943406153377495,-4.976309572254239,-11.585934023908232,-14.91360930406923,-0.8034244221955179,3.4295431709642585,-1.7108447605354709,2.1497151351407866,-15.16915920020986,7.816892695727028,6.958586547407006,0.5631306365808011,-2.6368806739078092,-12.545385394430562,1.1928001274888103,10.653480558233289,-6.077382152101007
-1.1067366278328825,-15.70137118904379,-8.639196905638649,7.823412915532203,-7.4012846840145485,1.3568392208169744,2.881867255370788,-6.398974070838225,2.249822267117526,-9.683756333110608,-8.81557656688082,-9.21799364701402,-24.865017185051414,4.356627473284552,16.653133753379464,17.368734439257636,1.9752216496866324,15.377692381365705,-5.044813793415363,-7.753843402859715,9.229920674002027,26.431432153227345,-7.496699931601348,-13.269202937406297,11.234288735594182,21.335042339757674,9.622299007180265,9.508169550632537,-8.941099393015474,-14.867111000845222,9.045926672832893,12.771087870074263,-15.314884388251594,10.389796925000077,6.744610190230735,1.1075779806557957,23.211910157421265,-7.652854302917273,8.028394839399883,-6.685496904099855,-4.413529604829395,-2.554124315992987,-12.404795295406185,2.553716730269672,7.118714085363596,18.273948442707002,15.60171988404297,3.4174000746954256,-5.620041289610381,-5.270100318585391,2.08972870728178,5.185935210980615,-1.5843932159539165,8.86751495005541,9.570395298873905,11.855151352205691,8.2713288772004,-19.012716953093683,10.8067570177455,-17.654036866268775,9.904557724078943,17.269315870562316,4.459061616213992,-5.27027445582854,-15.016360093367439,-4.138835402909241,5.212686108854937,3.386115611354441,-4.571312915507532,6.143151599196587,-11.647281322791326,9.693152766150494,14.587392825159409,1.254314523484256,6.957406642799819,2.618956922593661,2.4030146395594327,-5.703676404272347,-1.4254430872818924,10.47417862745077,36.67022276009534,5.7434704727226356,10.043844045561753,4.173091249528408,-2.5824913032531676,-10.137966563365456,-9.119529299794362,1.5403505017229615,0.7151586773393013,-0.3487226730112314,0.23649586307716952,-14.130126565668412,7.354911609056186,6.907471245289945,-3.731081116184363,-4.98409169934809,-11.632547065664475,-0.603858893103918,7.675941160711519,-4.811753713343121
4.7339157583467495,-12.884082663090204,-1.844171000920369,4.4894794204610635,-3.537384624180786,1.9237078909386147,2.1855514472293667,-3.0956024534997955,4.834383197433053,-4.86260873427249,-4.907576215367634,-7.339198773559859,-25.045389763451155,3.274025787595787,15.556368128845465,11.189310022615498,1.537916362599244,12.145848292031513,-3.676694404673335,-9.03458497552313,6.538812799207333,24.453046181680527,-4.247383447526062,-16.4668914908573,4.602400045912937,20.23024040764815,11.571003995983416,7.394881516030641,-2.1645685290919108,-9.649035154687235,6.522381196973399,10.576498453435153,-13.976793305503685,7.116091483961751,6.386077468202653,0.15487233642364284,17.71487201568192,-7.529168596918031,6.050208716518066,-10.570906272259698,-4.580897171695212,-3.966457126508767,-12.527958114691504,3.1574194068430095,9.369543563716697,13.576822229101271,14.152632285282513,2.538702058005944,-8.15431035242507,-3.067528722334411,1.8713081849299567,4.004554305702386,-2.196518617693211,11.653119425331397,4.796927965994479,13.742966962791508,9.17572498220322,-17.03852899420948,10.676247412326036,-14.611349916106738,11.974998350093854,15.479219444791013,5.569177901487668,-6.264773224260407,-6.254749620260334,-2.0192054722095385,4.6342339773659464,2.0083315511780078,-4.3400517392483025,4.480369029102627,-8.88340793356881,6.814792715829038,8.770981106906483,1.039536796573526,5.844920182340527,2.0432953129788016,-1.5188949846501343,-2.805330120975354,-3.806949731604802,9.098207529967581,36.718467728043805,3.5136383792198838,8.693095974533975,2.8776113079116206,2.169140856365489,-8.05331252042801,-3.212023392079774,3.338753597380791,-1.2355027614489247,0.26258191814383963,-2.132943823084712,-11.372178902306157,6.784076000954236,5.301141399391666,-7.076192376797874,-6.605847735162125,-11.016427041437847,-0.49335900065302674,4.509054193866856,-4.321666720012278
9.175112854269218,-10.815330699040944,2.462624635762773,2.3046255592276528,0.4983650849075083,4.419988617864561,-0.5682984849287536,-1.068488074085924,6.6237241143461505,0.27358134688413127,-1.828204104182745,-6.5250247095713885,-23.905377486286902,3.850240086024554,13.640629123132495,3.548053434642618,0.993533178626909,8.557832284700494,-1.4685764370641434,-9.12774069081718,3.209848037931032,22.349449043633467,-1.1563978576508358,-18.04673121873376,1.0157264010621643,18.88273053233333,13.379705975820254,6.139665344629054,2.7544190949618246,-0.9912891325806158,1.0619825649262302,9.921392324030233,-10.513975068007541,2.553941097376681,6.302122464964178,-1.7976750005461248,10.849123793326076,-6.835989546399479,3.055179370477096,-12.030376965611431,-6.0652119032434255,-5.565146080055389,-12.495241902966097,3.360353547132059,11.090491419438061,5.604798825667158,10.06629162969752,1.9178649530073102,-9.632363468525616,-0.06156381411812281,-1.54512059369255,2.255768145931039,-2.102341349734086,15.134784906878545,1.1344072579939373,13.282506944606945,7.8344119637381,-14.77766597196795,10.10365144389086,-11.202056613777291,12.44960638136249,14.223617818855116,5.927016184057053,-6.950629119767358,0.12072485783832798,0.35816430907769803,4.767494913589779,2.389527648164312,-3.847629250338734,4.36834309414841,-4.772620988893873,6.17009329555151,2.301155135071874,0.29743934966550833,4.740272913690632,2.615996399829587,-3.9453287942148405,-0.9428761542099457,-5.581687209004601,7.45953308614929,31.41926494595928,2.428680036526084,6.434662275851207,2.64809497401068,7.473155516959787,-5.591220687739452,0.2305005459306757,3.1880495299516474,-2.849125261072368,-0.4582546850014777,-3.867019820565014,-8.410861873060494,5.577756828813042,2.736504543567343,-8.753951676014001,-5.90304483518373,-10.929603024206644,1.457551520766791,2.540277795625444,-4.944961192208759
10.446785054133159,-9.881833812795218,1.847616649922604,0.4491317208278147,3.5990999892059516,7.210856896860466,-2.6532122647028635,-0.0808866955587173,5.862458592535262,4.122838116052989,-0.26444814508539105,-6.621626492743857,-21.657244675264092,5.400990433234341,12.402250135917766,-2.637672638366471,0.03711424344776593,5.982285159331047,1.0122009194373742,-6.988595503342629,-0.5579870243792122,20.041071623271158,1.34448242957835,-17.606424181646698,1.130477767959508,17.907550144515497,14.293054067663133,6.118739071747139,5.819972820524893,6.901764240376355,-4.800594346629893,10.568374267370356,-6.957475351524332,-1.1914902383461616,5.673889488909053,-4.283933863260395,5.625160167438862,-5.071674828323934,-0.20321171311272623,-10.92286547652177,-8.51440640739475,-6.538688335729389,-11.97278944330978,4.105227891398767,12.035622171962617,-2.574029915812412,5.311617831074631,1.1076653536324716,-9.698845723794452,2.447868400977438,-6.924744345972832,0.3431747418162048,-2.6538520386574382,17.89494707825646,0.2884522076643399,11.11351455036206,4.885345077225237,-13.448295012984081,10.16026214372876,-8.90643275025299,10.504108653963783,12.730779531189523,5.44287865578554,-7.2241149835775,2.752425715846976,2.1498600387385207,5.437801250329828,3.8855809536083505,-3.9561950692883157,5.4975744629555585,0.5356010113526155,6.859855136604745,-3.3022741199925276,-0.6491224134754421,3.5468522833448497,3.2452319296829617,-4.185408149817501,-1.0887443390056373,-6.556933494457293,6.587488613464106,23.075496697073554,0.4971772872191753,3.9198498857477557,2.9967267697387916,11.385663901784016,-3.54037143304832,-0.49697100176752085,1.1225784768289246,-4.794192450405792,-1.7375459673018074,-4.453936047055134,-6.445345365737353,3.775896439739615,-0.40545102866319715,-8.798834701729188,-3.115826331790135,-10.575659529006256,3.4769779616974557,2.2822899135301675,-6.2574672243592016
7.898601866052278,-10.109688044544734,-3.1130016715707054,-1.5980816157098605,5.299268914820969,8.673253620974544,-2.0043137914887676,-0.2353307485157119,3.2728249575721886,5.84786185777635,0.7747542536385694,-6.301853576430425,-19.155870892680568,6.479636095370836,12.826452326296062,-5.1883505256533455,-1.5414684378055172,4.530811156398155,3.933294848240666,-3.268860665153741,-3.990398477307078,17.829750734610943,3.019679166660664,-15.515057563285982,4.085316947214937,17.364202404803915,13.888338678504848,7.349022771528471,7.727317854154046,10.855360416874923,-8.483500466184699,11.21013313827519,-5.285153945571583,-2.372146767249351,3.6904295670473077,-6.292370843820368,3.8508208875291774,-1.644492483627352,-2.266027428369858,-8.155103057116737,-10.39773745019951,-6.390385481562713,-10.887950281862594,5.67109852968853,12.269439167724638,-7.859458734429699,1.9699670712862227,-0.7201083477626794,-8.54314015289166,3.232168813510871,-11.41400924207889,-0.38495185170087254,-4.028498617875068,19.16793047290061,2.2439409935241312,8.249324598434555,2.2770540006686204,-12.564121007312703,10.85428893250949,-8.848337704771623,6.574579026255818,10.983600197977555,4.052214299238039,-7.104886309987762,2.4569333449730184,2.6725798876887397,5.434670256157718,5.151919876086982,-4.442766194605215,6.727218808876977,5.484807138607129,6.735155566780581,-7.307510660355511,-0.8180884125079428,1.9855050130662777,2.543280641017899,-2.3998632088971945,-2.5514637064296988,-6.608248678567937,6.5865640930398515,15.4446443542377,-2.840751703902211,1.7887744896042752,3.070932321920284,13.374450859427432,-2.663272456820486,-5.645997734255674,-1.1417777529887128,-7.174406855466692,-2.4651866710903056,-4.089935151232067,-5.439909998903838,2.0088907566562333,-4.003529737356376,-8.010906623208424,-0.5921131915315958,-9.311965088991256,4.1350491533839975,3.253768774698406,-7.776867807009594
2.542242239731592,-11.276015804788868,-9.437369934675289,-3.3823631362216586,5.89810321920477,8.183638120373068,1.1523431263466453,-1.644359168786021,1.2788937044269262,5.435207587341772,2.7329474522573447,-4.46366806288368,-17.56368396255302,6.24195350763047,14.17728976024625,-4.135509462809479,-3.827425663556001,3.683600451181343,7.333740465122757,0.09828198225009799,-6.149762258584171,16.02128445239096,3.7006072662399077,-12.514462751330242,8.053923855955432,16.429528514359973,12.293986880404272,9.222372221318762,8.756748841616025,10.128291948740433,-9.035354935891053,10.604428742825874,-5.8178648599021185,-0.9481466307265507,0.7297194836176031,-7.200938626564344,5.134810782630202,3.0567268431314885,-1.847013698359632,-4.714459406515231,-10.232373554032966,-5.211496450948838,-9.465237555389532,6.920496974043064,12.255618551370269,-9.165099839433491,1.0841128480750637,-3.2797775675207275,-6.78527920940673,1.690994761112018,-13.193015115790125,1.364971906024556,-5.506131474865521,18.882227896044306,5.11369121759568,5.084846561556781,1.6520665562850774,-11.051743804713595,11.078733555225215,-11.099333006227956,1.9409315377262684,9.550930941692629,1.886298883917099,-6.8396324045986,1.4386997218682698,1.3074157353131333,3.7727839235148313,5.174810500197574,-4.202798806669259,7.223625345975426,7.996675909893902,4.543248427815057,-9.739001880952692,0.2848029780034622,0.028812194596468554,0.3195025979408501,-0.44208423329733026,-3.29232290549251,-6.2513764351368755,5.924012193697283,10.903223213370016,-5.928777233497429,0.14196279972991555,1.9439398093102116,13.702740134260134,-2.7307848872743503,-13.565950080046605,-1.6213491193573333,-9.815662112569372,-2.388493729544119,-3.22600867014529,-4.64780363059917,0.9677319701368066,-7.716550840577854,-7.628383472231464,-0.330789493395119,-7.6226201545408,3.397557548739859,4.924387410858348,-9.222018603947973
-3.4448923994026526,-12.876148825698236,-13.959240902518477,-4.316419575965877,5.940368584090443,5.874845596389453,4.89236991467454,-3.473384601248368,1.5728098027615842,3.486970450694594,5.613381062798722,-1.3232386905159892,-17.52642324341095,5.071067326202925,14.931071802852852,-1.6335919154730858,-6.909944215915023,3.0434542869896988,10.22705642591868,1.564099078546664,-6.013468427581612,14.103333428487616,3.4250329639832944,-9.004564688922274,11.355576395142897,13.919488931905041,9.856553377210066,10.431141362091289,8.638755953469754,6.512895288763513,-7.2934108672622875,9.016172992152123,-7.3031960550812896,1.379392502834818,-1.6833967146041804,-7.357443196249236,7.542769066983675,7.516319587325697,0.9935654205183879,-1.4035660536348291,-7.6012132309282014,-3.921813765497671,-7.831178962708698,6.497060539801277,12.576977327158668,-7.694547769177984,2.4114416263108067,-4.632241981654871,-5.096476356418833,-1.5040103338754722,-13.129549465524498,5.186709403338215,-6.394000394654885,17.308318085520362,6.5020494863403595,1.4297405597688422,3.1685266082986816,-8.644918844974756,9.687089552269272,-14.375611382779862,-1.9871048952250785,8.564364428510483,-0.5834456209810814,-6.270481058508983,1.208393354948464,-2.330205696840385,0.9261418521080693,4.1356350789574226,-2.4104908624296972,7.227983367822397,7.105745294391081,1.2433864034617077,-10.8503749217219,1.744234423547538,-1.9767714097279838,-2.306401654467494,-0.5723626762756062,-2.0743808406642983,-6.476230926558828,2.8742440577804986,9.313591907019713,-6.6699261923478925,-1.2809683116356596,-0.7486246363900606,12.129288283249341,-2.845408645373445,-20.669429163464923,0.17511715831744473,-12.364707220052692,-2.0643007779551805,-2.12697178775563,-3.5406210041927437,0.7568726819968572,-10.462603519515316,-8.230771596773561,-2.280013992391075,-6.796860112329493,1.9197360853116303,7.030146883799111,-10.175179327968673
-7.475852511566966,-14.081374641225164,-14.80567413698122,-4.631945577286569,5.653675547044695,1.7815385535482966,7.52320560780643,-4.445500229228021,3.3246518758785477,0.8136073155138988,7.830738671364008,1.9179505827147167,-18.484329076146324,4.211138217541729,14.589698567948796,-0.09122808338965616,-10.427541454215048,2.5043738577192016,11.162852452037324,0.8579570570587822,-3.425339040012281,11.231001578451682,2.4258216928844947,-4.76381772724905,13.363023969911975,9.291501703880034,6.877142443257183,9.576964354420626,7.343101517285213,2.86461099094703,-4.702280380167712,7.694499512215257,-8.361895663977464,2.849451061434493,-2.2390883794556826,-7.495644378007774,9.13315209618501,10.031352986671326,4.5512210485276965,1.0935287869402088,-3.016348958828021,-3.758727860291083,-5.926133439758046,4.019471162525872,13.137915247222452,-5.725786157763691,4.393442974225929,-2.7295402521656866,-4.08613410340474,-4.5549355453508085,-13.642694700206993,9.052966741504274,-6.490758129712931,14.805916300620176,5.385064891110615,-1.9225206359829947,5.798006654303489,-6.379524653078889,6.508535451650731,-16.675850015926358,-4.382235993275632,7.361508626185408,-2.789201217729846,-4.841330404959039,1.383044330380077,-7.729932949538101,-1.4396748036861275,3.10098815781028,0.21307080062533945,7.199739768864205,3.29550616836248,-1.005171318038828,-10.708749337529502,1.9113420264222083,-3.5476695023881497,-4.024708886882749,-3.619721086161313,-0.10739804347246018,-7.472688237448035,-2.5021694301781983,9.44480076390231,-4.600425605853333,-2.614142367872902,-4.4359965143598155,8.361576345789524,-2.4725912118147013,-23.312982534433843,3.0178574157972933,-13.878812290868503,-2.04813738589021,-0.9196364276237412,-2.1576775810108124,0.9495464148840349,-10.442136773842035,-9.184784532283004,-5.050656306954662,-7.697217782358322,0.15604690413763433,9.141262002432724,-9.890204985695792
-7.75498881560231,-14.204426852301314,-12.104474454710559,-5.320670053848191,4.638867676407571,-3.928383334146374,8.842107449216378,-3.9092510956019155,3.806487308530449,-2.0016613377312855,8.156875844202292,4.232128125275209,-19.259781346593414,4.949215217673474,13.629128655503624,-0.19200280985282436,-13.249108241415238,2.5316155070398922,9.635062936744443,-1.2925471360714664,-0.23164518336073892,7.318378109467493,0.814312419673338,0.194656059821126,13.811235999240674,3.045306171303462,3.855625573269224,6.285144424844246,5.63598668376763,0.8597754951236868,-2.17939008547951,7.0123954144777585,-8.327752138283318,3.303421355642472,-0.9943033692077621,-7.7935437551731965,8.988030786892875,9.830734113387779,6.636544069581036,2.353598796372209,2.295706885839336,-5.135403721573024,-3.9449676611892492,0.5351567615930328,12.810951397798586,-4.964874997686795,5.342956080256489,2.219392572476052,-4.211783351460412,-5.707070628589205,-15.947611063760426,10.91017481943561,-5.942240982158749,11.757714378841763,2.7056981970105367,-3.4319622984786884,8.292041092300085,-5.674415368334807,2.633742638566747,-16.581851360626274,-5.230109528373631,5.041913624982063,-4.250768142247661,-2.378030287992531,0.7857082456971578,-13.33586863809124,-1.9463890030791373,2.7128942520905945,1.7134614612352934,6.771772860324443,-1.7683550708747497,-0.8112245022792912,-9.232542353335976,-0.11527633655482061,-4.312821484403351,-4.277588644129732,-8.799463831451709,0.12111505465410044,-7.973149943989286,-7.879431975930752,10.455306376552333,-1.0958635660886538,-3.655479807344466,-8.037208133310772,3.0553280301182664,-1.8853220324127582,-20.358251460686343,5.1989958458684615,-13.196760803487846,-2.2725458136047476,0.246299049617429,-0.9476876000252519,0.9339174544792637,-6.390219921490345,-9.239979234903513,-6.939877382214802,-9.847939765968688,-1.5058182230879869,10.520130433289744,-7.690967971050632
-4.758505462245012,-13.072539904947945,-7.85740728391249,-7.163981534249945,2.280179640532191,-9.80524043563937,9.639817261982696,-1.9127048479405888,1.2190713541256726,-4.1772385916878605,6.891017743496757,5.228615425388027,-18.92174657505506,7.225755415231637,12.630555934440924,-0.8472940820014401,-14.372741830646811,3.5819327338224864,6.525544504115415,-3.5247867859643085,1.0697201521855866,3.0970481342339795,-1.34231276151648,4.655096962840166,12.021624505753694,-3.6063371662330876,1.4867685381399376,2.1118920864185093,4.498557400683071,0.20234819630829573,0.19768705905079376,6.201190468257958,-7.539886254234208,3.7980290959809406,0.730873372692471,-7.601520697793406,7.5245466177658535,7.573126064345521,6.226326034799687,2.183640116032146,6.602255203520493,-7.284907343240187,-2.7269565389818764,-1.75437674141632,10.615782465161335,-5.1540657109682515,5.019135627225321,7.192166490428361,-5.079485800313607,-4.564640471827755,-18.72657050513714,9.927639422073597,-4.897281502362467,8.563825501392785,-0.04904512154075835,-2.495310378180362,9.94090327170853,-6.810946849011316,-0.06286169260891938,-14.082546009772804,-5.021306033643279,1.429983664839022,-4.749070726475131,0.5948324228767272,-0.8031225048304838,-17.291419091394825,-1.0008890964682342,2.6381713419603035,0.9477039921410662,5.062670209470897,-5.518940677488866,1.0447235786362645,-6.530704806855564,-3.872451961382696,-4.1628708348782615,-3.2598577344723205,-14.634625467590183,-2.454255350537732,-6.399505017637799,-10.191632068867973,12.072843436956639,1.8935395385294544,-4.117805273159501,-10.794065651699631,-2.2245922248654857,-1.5773586952445353,-13.463167373644023,5.993830223011223,-10.351305409779702,-2.118523920775731,1.0168042318234438,-0.4430261252371066,0.4861849855927325,0.61016795237374,-7.399702960599676,-6.481326114720189,-11.593508078816964,-2.5063135398725715,10.428811153887015,-3.8268458632645377
-0.769816781623117,-11.246430543398173,-4.230609542075259,-9.881167890938475,-0.9947566786057009,-13.437519956239512,10.26928412151859,1.0240957448049137,-3.262373791819062,-4.92275589313127,5.107692238386029,5.099882209033689,-17.233695999801192,9.328622705518505,12.161574440972622,-0.7220747945817592,-14.104702585573506,5.1409802241921,3.1927898322673873,-4.302022734887057,-0.1249599472760714,-0.39282963218799694,-3.688113226929222,6.9034826367964275,7.739254871497259,-9.071621878908157,0.4398316769915045,-0.2777668203592727,4.316064727641504,-0.5337376713097081,2.2580613402293848,4.8288902397810975,-7.052969025792396,4.7706940201454575,1.4889229272316968,-6.2117448802909765,5.991744278527648,5.052978445801447,4.214131470617643,0.5079018823166224,8.28288655667143,-8.78276533690844,-3.1499325382936467,-1.1528849417569127,6.838808481099877,-4.493016029147144,4.190075867421214,8.751306857136765,-5.377758162903503,-2.186245935048721,-19.361491747744843,6.731326755706977,-3.4098851156563676,5.649404085670579,-2.212517465629502,0.22637020468425,10.917846123642597,-8.569124022314316,-0.06946727257112073,-10.266191270649777,-4.313878432910732,-2.3577840190897907,-4.736410917222354,3.3703833685318187,-2.9218678425200832,-18.59650133755988,-0.33378292763203987,2.3619829672386943,-1.450331727967448,1.671753379719621,-5.81626185140262,2.0256027201128024,-3.039880217091591,-7.930527174051841,-3.3407597588210605,-1.3526675778129054,-19.374728133867684,-6.263901089265369,-2.754460552584824,-8.293754276916525,14.21333377495663,3.0953103503078747,-4.070099401681539,-12.726178955507782,-5.829927553931893,-1.516623716408227,-5.357481089925943,5.899324451999267,-7.126145991245595,-1.2161248833480118,0.8115740055987739,-0.6881030898271172,-0.06265959856056647,7.112206829700407,-3.5713516763187076,-3.271382578576854,-11.334291306218649,-2.5104726767515055,8.587991633870063,0.2831992503730447
2.305748772759708,-9.964392909273723,-2.191337676790038,-12.274310620019506,-3.324322308102694,-13.241646194923337,10.073154340806042,4.014540285110281,-6.488241403151845,-4.479854489065508,3.914283368670641,4.51501210760276,-15.06264275222312,9.651878989152355,12.121627166981854,0.7416560156138443,-13.657034070230528,6.118416204356482,0.4958255447605741,-2.8602970103134027,-1.9492023879074567,-2.2907383330387976,-5.60690051444009,6.477107584788152,1.8443693369953866,-11.919389735901499,1.1576176732856913,0.5542988371819622,4.790487370022942,-2.3205196998497177,3.0572740590704615,3.539244367589893,-7.42434598225195,5.369002473356745,1.043833724640398,-4.066308741663066,5.431072803142253,3.9776405559427985,2.3735046370256616,-2.417203361965772,6.521963681397077,-8.46161037098399,-4.970700641495386,2.0505882283744103,2.727207383147123,-2.066971620738048,3.10257249088981,6.192447148195423,-4.276288363692514,-0.11904017310311521,-16.30434400573485,2.6937620608584254,-1.573882317231722,3.3677872427610396,-3.689944307867755,3.3748460420633726,11.814735040827097,-9.319151033892474,2.276968441058899,-6.5203458726526335,-3.7465656912000886,-4.870655522538057,-5.101849120733456,5.537938450122254,-5.381198179266307,-17.850355856330285,-0.8765081162395827,1.9911427650320694,-4.237608404416074,-2.5804070607836556,-2.7779383698131435,0.32441650250807275,0.6508462130729056,-10.587053867461083,-2.4595594446068847,0.9371729781393097,-21.32913417535509,-8.735077994514292,1.3446677999547432,-4.034976672220282,16.58965205036769,2.691211266756042,-3.95794458816526,-14.306317165599486,-6.971507035527235,-1.4833806239586997,1.5140054858485534,5.538627851743077,-5.595698662396692,0.17050666782838686,-0.7113157462185795,-0.9351668368469519,-0.48665654984127293,9.680964760158338,1.1990844431006913,1.5348479266500412,-8.922903285760963,-1.7393192099943686,5.5253541164678275,3.199295047202286
3.8714957678574393,-10.024489975523071,-1.8543688566006358,-13.129226806833266,-2.9823666785010836,-9.554868132751665,7.9935288752414415,6.027770328933567,-6.27395294165289,-4.153330015259634,4.26467788549229,3.9973118417352045,-13.725329865396093,8.265098494729058,11.543053886794826,3.35200294994596,-13.507214562894834,5.911444527370452,-1.0608865186816814,0.10468823766055113,-1.9839179766165567,-2.5878366872509115,-6.371826148232905,4.850205009594639,-4.179078531445027,-11.695379570345509,3.244969832968412,3.8901323430043515,5.3859198824731225,-4.462253322369291,2.2495022720531495,3.119991524226552,-7.861720396928661,4.607817102818958,0.31542608134552075,-2.647694481649345,6.04836970236521,4.56247160308206,1.50673254552665,-5.802788129297,1.7801554480559867,-6.399469745432077,-6.69947395924917,6.214608519072872,-0.3273178723353025,0.9684492613042684,1.3776015798409604,2.043086708930692,-2.0760789110891156,0.25826676254713354,-10.494449866812912,-0.8062067637365788,0.5597822337815008,1.6892836066155246,-4.301366533946608,5.510838668334417,12.519899433099969,-8.563766815161014,4.771491710994345,-3.8280740507958195,-4.155395149162812,-5.523129157018565,-6.180442010723173,6.899831582919808,-7.790021129459741,-16.712728026310657,-2.2752273247070978,2.0590409908622225,-6.5824781168597415,-5.862891175200076,1.3443356471558872,-3.177332281298093,3.787168541003333,-10.844164244197001,-2.2910409380207413,2.7802192365068152,-19.66112248678465,-8.702607285273526,4.456205508318025,-0.34044805193454764,18.41101113581143,2.0465686597378334,-4.264985963091279,-15.880031914080115,-5.742952573487216,-1.5672340066586452,5.468712936785333,5.1659926653361765,-6.290192736322393,1.6500479695638686,-3.0447071924962006,-0.4948827565070619,-0.9455808605185432,7.0228286261782165,5.196008770968673,5.928925374370044,-5.898697097268213,-0.7440547667296611,2.2191711375763283,4.5561002886737265
3.815162806534631,-10.564475693607156,-3.0346585077884427,-12.091889099959488,-0.16105037645606357,-4.274644865979786,3.4986722566793302,6.179473939705302,-3.1069850402463093,-5.222172296559815,6.389510030330414,3.455267739551535,-13.550935621005422,6.319635358503179,9.677566383345317,6.293619495408585,-12.989250274961368,4.692760242118484,-0.8304162398045762,2.7571957711509367,0.21134203276246055,-2.330358484640506,-5.301458964929472,4.049928564948318,-8.934654694899821,-9.222729999573128,5.280058612178235,8.027708613375362,5.7747573052519225,-5.388634432748006,1.1860759952355537,3.291055682480485,-7.354496327120047,2.4846865400889326,0.1190576849683147,-2.8800467594690655,7.323054949094878,5.601995331476513,1.043547536023346,-8.510402043303836,-4.1513138326553065,-3.9524848718405483,-6.759439169127989,9.885619978307714,-1.634969506683487,2.8186364777857245,-1.119790658036341,-0.14070799632457875,0.3854716764467345,-1.640652411612582,-4.418353001859354,-3.2961486299596494,2.752532807406415,0.04095132625796527,-3.883974698447568,6.177816057113964,12.065396633866913,-7.2578114170861046,5.651903249241709,-2.432338418424215,-6.111810079796976,-4.659956489222068,-7.2133232547278245,7.305281983730462,-9.218908691227076,-16.363897058100747,-3.8708966004539898,2.8536489679195,-8.017422213647876,-6.601785958581122,4.166981250763344,-5.79734711918807,5.329235464044375,-9.318101613449182,-3.3303524888130953,3.5259891911327017,-14.720075700748318,-6.789441394858978,6.514754898409667,1.1620264554982689,18.77508205982528,2.232069873279237,-5.216576787847775,-17.204841275044785,-2.7930675029973107,-1.903325155786021,5.983444702793095,5.012976613419756,-7.904902293103501,2.7137610111828385,-5.026748997688132,0.06687539239771834,-1.5822624452608194,0.45851207250223314,6.714291683812254,8.425397185619824,-3.7810952176003543,-0.09870286836932857,-0.6455929353348608,4.906127230147093
2.0642851816545527,-9.865143335587014,-4.992123491705364,-9.671095562758126,2.9154998109861845,0.4504424893894048,-2.7533814026751884,4.250764441690669,0.6127861672365313,-7.837702660690719,9.374420783299314,2.6919066944664505,-14.05946529793535,4.640946053414452,6.815130728856126,8.690088487436164,-11.565912197443094,3.1451497182139074,1.4602068840840448,3.5093337532447335,2.9143925300525764,-2.7349948766355663,-2.066745537517322,4.6080401730359615,-11.24015462393777,-6.010112012831913,5.684693869792858,11.406217685534859,5.708306066648109,-4.478172531866571,1.3321385449583567,2.685649648336265,-6.380551075041513,-0.12540567657453305,0.7287956644293923,-4.4344626252149375,8.225934743016529,5.807887097633936,-0.05493788254152232,-9.425441142821462,-8.952275909278239,-2.5541512040610854,-4.681706462300545,12.281203784090046,-1.864027753143028,2.548840137476848,-3.781305397269188,1.5193102119448842,2.0017131873604574,-4.847992000263992,0.18773392951516854,-5.775015108162432,4.070845822915045,-2.1524017034015896,-2.652468163504457,6.212915910545696,9.958410117779563,-6.380247882278399,4.93975716313654,-1.8807225830848777,-9.28554093065759,-3.1307670035102904,-6.819189036436358,6.765067492466764,-9.153601208365828,-16.570253877929147,-4.928093269378313,4.0643540830381335,-8.532334608667256,-4.720877739096276,4.642415132896849,-5.504598745241273,4.745939545516416,-7.7703047957604054,-5.330042763619302,3.563628558853428,-7.789438293096098,-4.117956885650176,8.491046265470848,0.4606707664057246,17.460851526511156,3.180470460201552,-6.5099959609824,-17.26587977867232,0.31624495494784755,-2.4893284056159892,4.095805839587079,5.2319299425989705,-8.554944712276058,2.3036003997732943,-5.827348909926307,-0.4367817073397213,-2.2398296725425544,-6.699142035853237,4.9268608465064005,8.570481697241334,-2.3537486420103653,-0.28928623378287927,-2.832531336876582,4.835306316380812
-0.9576271888430423,-7.3887114499243784,-6.43335117612267,-6.457706770689034,3.85746156907826,3.6100376408787627,-8.892963722946984,1.1321206098541947,2.4820352174280798,-10.981246134555256,11.620886145057794,2.076104800844755,-14.961167651978688,3.3474067393896343,3.8245904049387294,10.529694655555708,-9.587091709755775,2.1310739913904513,4.770071183921413,2.3767986078539787,4.417396691486806,-4.157248817867401,2.8831368303002005,5.188253618559068,-10.476503669897296,-3.1022979602237992,3.7608915374673106,12.839213263958824,4.750675095564917,-2.740404684618964,2.8746052141971794,0.17501588838715776,-6.464156069911729,-2.3159130044021192,2.2201812939655348,-6.239658810100645,7.736839638760727,4.754203643345137,-2.1804886724713377,-7.973096783418036,-11.243293331004699,-2.637579170398682,-1.356077099503981,12.936687569811985,-2.52418611192857,0.49761611984133786,-5.488721962473719,5.810736584860324,1.8355972550661215,-7.377858413242436,3.404886279954094,-9.117395680393319,3.6208121283786534,-4.577518228980861,-1.2011812123669636,6.901067136097667,6.947659667248496,-5.933370141428106,3.1460343023649586,-1.2996205080016896,-12.43945148879956,-1.7535620112262809,-4.335229432576674,5.599864653185599,-7.856412078824155,-16.151010443566886,-4.827174210739129,4.8685923540453455,-8.420496158276784,-1.5542304028515503,3.0638354652650763,-2.5682012199912574,2.820123678272974,-7.564628369600935,-7.013921371903786,4.220545709093724,-0.6670603649289844,-1.1349096905315514,11.054875244794664,-1.6700697649645897,15.054376062267691,4.228842659907002,-7.228173691583661,-15.093555246262307,1.7488123520598422,-3.3110112618037983,1.6748468116224133,5.531262687634195,-7.200519698894105,-0.5241255564267875,-5.623466882883751,-1.9879000917665683,-2.7253562553185455,-10.79031613623452,0.9860579694816001,6.386162590193057,-0.43119307088840664,-1.2230915806303553,-4.206463582989767,4.3325483192790895
-3.9374037942310642,-4.208266424301686,-6.264005177852923,-2.8573716240303546,2.067497290882023,5.4365932433225685,-12.678835304225982,-1.4451310133815214,1.6857438692213267,-13.348572094880081,11.895592845198705,2.5490573256773907,-15.715655597091963,2.0885096772567686,1.1533599394565641,12.150842576028808,-7.611089061952001,2.3197650214576355,7.206969999432062,0.45486052127589605,4.121869672495135,-5.749895931561967,7.911151625772078,3.928600682217324,-7.287783766566276,-0.5365312937593538,0.3107203505631766,11.878598178274945,3.041126896168596,-2.0478831649387432,5.225268061082828,-3.7933678332980865,-8.381958084948709,-3.667377907035629,4.549850602815317,-6.935117254230249,5.980045246474746,2.7557200778196576,-4.653387350685735,-4.461332865938118,-11.29729452543802,-3.7883502641566493,1.6190088673044851,11.589615854272006,-4.6423439582279515,-2.0648561876202858,-5.609025250371519,9.606549407149883,-0.13857033442376543,-7.801941136127031,6.292045646222162,-12.2931587088457,1.9297057493410175,-5.923765312915165,-0.2551305694475601,9.115607130675912,3.8669298660666973,-5.378706192360781,0.4537810083569118,-0.23198543942920313,-14.142299756361634,-0.9145030387421,-0.9883537642158348,4.477544737222521,-5.916754844003096,-14.161864319722017,-3.7475887315766876,4.465371010990927,-7.444407011158119,1.2574190794147555,0.23253975226514545,0.7310147135403757,0.7935186374350613,-8.844876134455474,-6.700592874963311,6.244497893963654,4.982671674942163,2.65303325592492,13.382999256902083,-4.1472244046611095,12.180287821459594,4.784960580253132,-6.63453315401487,-11.108935164822558,1.4017951892692135,-4.266048089841009,-0.07733357315378697,5.272968367003395,-4.242767110699492,-4.9015759249229784,-5.257305112029901,-3.303592159717622,-3.2108520776251024,-9.9374875552022,-2.3201442331757858,2.192071875322776,2.0876998534084628,-1.865581299004737,-4.578683305827441,3.315059090833045
-5.39127901625077,-1.722315278520684,-4.0359829267672325,0.35595879362256855,-1.2913829425257264,6.613267792469772,-12.748174111197956,-1.88325807410376,-0.8428341748518067,-14.031380861758867,10.022160039735361,4.616390861633783,-14.952878332591164,0.3214968989987117,-1.3911304519936465,12.878564874857567,-5.972884740384266,3.8066402369172163,7.503748952455359,-1.5456556040588005,2.3474556683338874,-6.056131352732481,10.639606807228711,0.028006659815886792,-3.265392854189674,1.9024262706769668,-2.6419553772358357,9.384419116743624,1.5840016760367654,-3.651868530338506,7.479311077065311,-7.446385117979968,-11.509066399440588,-4.147717884034169,7.5057450367323355,-5.632360717937622,4.167048743150161,0.38575817538067914,-6.504886503572545,0.22513282894275255,-10.308210361250008,-5.545050846367037,2.967939110685826,8.658275435770678,-7.835018335082413,-4.0486823692287,-4.570444041729239,10.617505389024288,-3.2271945907841735,-6.32894505720652,9.384979226505061,-13.378502130380978,0.8436019986016597,-5.3200917075091745,-0.30016815078694714,12.685068604561028,0.6240813015264726,-4.429290539232323,-2.7156405602340126,0.6450484541721648,-13.524291161167149,-0.7411094859475815,1.0393261113043386,4.253924238732257,-4.3889279365180585,-10.693554180015106,-2.5549871863226636,2.783007326941079,-4.962722943453036,2.649086875099617,-2.9510879270336994,2.176724387274306,-0.8904943597541042,-10.662548563702975,-3.853442021698687,8.513610757813503,8.037508394573518,7.752335513809999,13.852159689005019,-5.878097616618294,8.818175303955169,4.662477436846558,-5.557371344353607,-6.819607178965466,0.7965920644636866,-5.134712223051961,-0.8643944389434006,4.247720980413817,-1.2265998330494758,-7.82703379721325,-5.103615665036919,-3.312759795973684,-4.099165897423108,-5.048924453934177,-2.856354382890578,-3.1956448747597004,3.7097445967564653,-1.2676109378016434,-3.912704381136398,2.2745330620926762
-5.279706244467325,-0.3419808986183135,0.05656802789770943,1.9089348178428203,-4.723551301119235,7.818236902954814,-9.425419264717622,0.23930135885475812,-3.6142042374392864,-13.171964427220264,6.703798481817593,7.299359063051907,-11.280984704795301,-2.326208023020877,-4.064270573360462,11.226550767308048,-4.927513484571069,6.02224641776047,5.689996065817211,-3.5843356674471236,0.0052187165625736665,-4.7021466492865995,9.666138295993786,-5.190613719422492,-0.006826511285410675,4.0138797465121785,-3.6266339885369208,6.892113163775267,0.8748426793699935,-7.136877458369598,8.946999817145475,-9.263141065412187,-14.648498896351043,-3.880944644784986,10.532271856119477,-2.9209888446011183,3.2438262476962025,-1.8430952838829624,-7.5367342985993515,4.793820373470485,-9.276038412000062,-7.760831691335742,2.325282351626295,5.697859474456142,-10.682948287629848,-5.444541437030095,-3.1243884416348395,8.987241984541773,-6.488967722068442,-4.345732146652544,11.945880128791904,-11.745352799518079,1.7733935138155315,-3.7174776741277116,-1.2985651597913939,16.334088830411915,-3.034940952381703,-3.598947189029463,-5.906111265389338,0.11098024071847679,-10.999457680806058,-1.1567304309761273,0.7244203199788186,5.450988655321192,-4.644412790453964,-6.935612280253112,-1.9426069013216725,0.6337502215469277,-1.1228759773049237,2.3076601864277935,-5.522594431025037,1.6551747567025636,-2.3998356651272257,-11.706472999706598,0.18510287186706642,8.67962601361574,7.946184940926391,13.542644328411722,11.845093354306776,-5.952139895000488,4.828093545930413,3.964740067524135,-5.939451225834608,-2.924454096529116,0.8008461944156191,-5.708750977954689,-0.3919152646585502,3.03886127480067,0.07801200705132327,-7.163869054957805,-4.616098944124927,-1.9634101115594627,-5.617670548034521,1.039649761164784,-0.9643689441098364,-8.586664790951978,2.9575548257085194,0.2154343963089287,-2.633873336872188,1.5832222192835803
-5.061636220976034,0.45036743244173927,5.054997574422586,1.0728570894417468,-7.197692963666971,9.417592636396632,-4.382703513709089,3.738963744993044,-5.585207726036596,-12.03913470686697,2.7591058404202045,8.684071032464018,-4.730446860647511,-5.742278593900544,-6.991503468809846,6.651239884879281,-4.33177748933104,8.16832621892198,2.8484674181950798,-5.643381562343757,-2.191465108055255,-3.3066049238224835,5.7362403708633645,-9.024258783396146,1.5052349399742306,5.251025610289663,-3.4628716438544602,5.208341702615815,0.4082696700423293,-10.632779316773522,9.957244383467968,-8.91404027107713,-16.90663746536226,-2.844493421843578,12.681362469934994,-0.6201222751706572,3.211217238950418,-3.701056028475066,-8.22977451378331,7.392808783832639,-8.487126920309688,-10.18924393057618,0.06293731683921333,4.448647478760773,-12.014231903236311,-6.577921202704283,-1.5747440495968954,6.616524452123752,-8.642178651971207,-2.859233459179141,12.821908528865173,-8.642382658537173,4.273681865765919,-3.0963837268693437,-2.763913990656926,18.381382952018626,-6.4935486273494085,-3.919886032028918,-8.92590095769787,-2.1097202742370493,-8.519679675820738,-1.997820852930773,-1.2574502773304113,7.558921966696772,-7.020209762376036,-4.543833524347762,-2.0498468891461954,-1.0140807189201553,2.700504632359756,0.7283882314877803,-6.765961856343824,0.832855740637312,-3.589469023338011,-11.197647148869837,3.424669089985468,5.224114600450363,5.241258494472564,18.389245295171392,8.330672201645742,-3.8975427567968115,0.7771082439597876,2.6635416265126723,-8.43578111267642,1.2823640705785664,0.9763461686342743,-5.730798692727474,1.7032499693685894,2.1924401216413973,-0.9568503302917337,-4.388735205745679,-3.275447865272537,-0.02599455941589568,-7.6934250552620576,5.6205748299068405,1.2309873659491428,-12.593852808324305,0.18511454465456634,1.2489639685806537,-1.486576136025267,0.976752366360768
-5.711491355363617,1.0025666157518671,9.381056522540957,-1.3717228025415216,-8.002048486543263,11.253619223285028,0.8412732331328545,6.420775969203321,-6.345337087044335,-11.60832810718819,-1.2928572276998604,7.254451737677381,2.610040187478603,-9.091023066574751,-10.277144033166168,0.9086278843638231,-3.484174911749295,9.698318573808718,0.6281646751905385,-7.11276096813591,-4.068288955751299,-3.7648838175431614,1.1281892258425004,-9.864410234558406,1.246733339227248,4.780915764619248,-4.2407588231203635,4.305896179915935,-0.11010334095701824,-12.0170715330257,11.305906172772275,-7.155546286429471,-17.765570662032538,-0.7571678502957888,13.092735807702038,-0.032409220863619304,3.938889602614114,-5.1167403738005905,-8.650040572627935,6.5325592642758465,-7.681529860023939,-12.163138277404705,-2.963676824296549,5.095487121882015,-11.558467232429381,-6.860816615586169,-0.0782921394342968,5.263464745969232,-8.561684361043072,-1.99435486139203,12.073191330313211,-5.877922701281218,6.388017048974478,-4.394141021186897,-4.233558696579204,17.663413376386444,-8.519464862603725,-5.738352890646603,-11.229569057430366,-4.676673826645753,-8.34645753508886,-3.300019176363419,-3.6243501761723507,8.954998571712714,-9.78579016611124,-4.430451153044236,-2.529789681004523,-2.028065428539559,4.902723072703568,-0.896541492704162,-6.447634324719829,1.065542385887671,-3.956472197959438,-9.205126284049225,4.819183294239439,-1.2985873829533499,1.8977993044539319,20.681260252374468,5.070176375293826,-0.14349399451777334,-2.2742378737644167,0.5915908830630054,-11.345416297952989,6.3092433362350135,0.5441530071460178,-4.770076531064421,4.858533612569125,1.8187865612223646,-3.142239599441153,-2.7778269207425974,-1.4281631074840095,1.5163376113007239,-9.802253804958983,7.646985477259537,2.1316852918175435,-14.009199953979612,-2.518520693341349,0.9635722422127087,-1.0077285423728988,0.45296715703139
-6.608018552947734,1.207984735047729,11.621136448673248,-3.7102580080439203,-6.924799128158773,12.801575129285528,5.724081426672233,6.540932511206081,-6.00160445097248,-11.412218948295394,-4.854796756686826,2.872010556605316,8.05511360516844,-11.066175376349374,-13.388859422054754,-2.7496745030874568,-1.8217075580718562,10.47577710511518,0.23823218814466096,-6.989534769980571,-5.501107991647642,-6.154952595221966,-2.0489601076557222,-8.34869110947962,-0.11638288543012809,2.172265112471791,-6.613530181634825,4.08629248721902,-0.3235046298981682,-10.33827643539356,12.98302904685243,-5.510946822920592,-16.796490737279758,2.506762914319647,11.374220155598946,-0.5849230652762873,5.551910097547027,-5.749895460517695,-8.256432451648529,2.368967583942649,-6.621538409974946,-13.000426417204393,-5.527781953323623,6.070405039087106,-9.769613513029562,-5.342148733453748,1.0283095362096113,5.0000383139339,-6.644636468928255,-1.6973527678624023,11.028018648521158,-4.00754538781642,6.340793501295064,-6.718045322386377,-5.85134950595126,14.393660522026941,-8.292821047959755,-8.200124048920493,-11.735607019444192,-5.654004485312696,-10.790410055261965,-4.7839103184124845,-5.553235022576024,8.038356866901113,-10.386044810041756,-5.877148970839698,-3.0888313388363957,-3.205640649713687,4.798406825604669,-1.721336252051338,-4.873147696817133,2.2226938268349543,-3.3962516752602787,-6.513866945888182,4.414007890953001,-8.615546332583072,-0.025100802812021206,19.67471168015573,3.14342558471491,3.995524855521521,-3.7837241834165294,-2.4271850982200185,-12.25623517085413,11.0282806867244,-1.2368387470901752,-2.624620405759881,7.329752873387964,2.2449696977219245,-4.601705863699069,-4.000846435647972,0.09741060531559631,2.291902145220172,-10.778560015950022,7.538947254405804,1.9914989530602683,-12.66834727985376,-3.28658233503102,-0.27485617465311896,-1.1842092077518847,0.7718692459861121
-6.532033545650032,1.1524070744739703,11.555690658997795,-4.712725529732593,-4.788886775747127,13.436430900692441,10.087095609414334,3.9985166861715458,-4.922330024814343,-10.207814399725,-7.302424261224305,-2.750204298448289,10.666661198946155,-10.930860162126447,-14.886852823481476,-2.5086078268994303,0.4841944336814539,10.443946184388533,1.430128737596394,-5.050891039688429,-6.229591631515655,-9.063099362883603,-3.295843889351988,-5.975077695476988,-1.8583949650042562,-1.6823848101641055,-9.170754506702691,4.50281202629035,-0.042434042353037715,-6.390337916488698,14.034210896365968,-5.247999470242349,-13.812933142251147,6.322363489146216,7.6321433753772805,-0.5241274360385231,7.38068877800821,-5.281698330902032,-7.072152613636061,-3.488080419602551,-5.258444391205151,-12.59354375128823,-6.700777933864693,5.702950677535892,-7.549312302388189,-2.1646682885000628,1.2233148122964572,4.462143468648133,-4.904553462254341,-2.1053217672462345,10.317864451196566,-2.1901796721886155,3.828909612389997,-8.342451815929962,-8.227122643696516,10.21903095758164,-5.939704203782188,-9.909471107555218,-9.746357031116709,-4.2424059997936805,-13.641456571865548,-5.550038474294194,-7.054175069319456,4.403238690271696,-8.118167719012021,-7.019097042650086,-3.9792739277927227,-5.107139883948168,2.9179380082663204,-2.2220346398236703,-3.167415012182704,3.2186782406133685,-2.495784326156053,-4.113101472256824,2.7240022540918245,-14.100873409239808,-0.03447969353908609,16.0053481191607,2.034368731863546,6.886356330956158,-4.3119399618556855,-6.418440977340483,-10.346502584638479,13.606344295380078,-4.540988969337434,0.0030777220449946796,7.404965030893427,3.8220373037596977,-4.61784010297489,-7.263853276868638,0.9666328222596996,2.8149380681096883,-9.58436192250236,6.19879230581458,2.0127473848980797,-9.726577621079903,-2.233777791881109,-1.7851379628051591,-1.4875403165971557,2.6267217710338935
-5.066550270517586,1.2138731759793622,10.068710280049881,-4.159992078248677,-3.1423798298412127,12.73691211178981,13.19798991677678,0.3521826486596728,-3.4197876536426897,-7.3461062347660775,-8.391087264354464,-7.261183813475122,11.588576199127036,-9.19990396710368,-13.802337512260506,0.18086699633415382,2.6172377702849463,9.424304560400394,2.6833047630834272,-2.628835645713895,-5.916429717768129,-11.05494145543765,-3.5597913927735436,-3.9368524257817454,-3.340783678349275,-5.446853592459394,-10.256732456416382,5.150620606958066,0.26138796675884124,-2.1971118815022628,13.175621945437388,-6.191790396595843,-9.577234460748713,9.428244246665116,2.80823142397928,0.8479423140212585,7.789809085549398,-3.9737305361045108,-6.209278973808588,-8.998778435053794,-3.5356795321687176,-11.712090749243242,-6.645335306056873,3.6939497191623514,-5.586902878004035,1.2843226423988157,0.1743692681218989,2.5577073941872914,-5.135286180841855,-3.3876098455534276,8.873785128899517,0.314875631159127,-0.005542669582250248,-7.914595831812979,-11.340104690128152,6.768665362948888,-2.1612486787827736,-9.628339951595933,-5.963740794510037,-1.4602634232219494,-14.290276751242782,-5.105208630240157,-8.699452607178157,-1.2060416687330262,-4.9419666371227216,-6.38320886059909,-5.464178278150605,-7.198103992341428,0.6136810137254782,-3.540351032693234,-2.9797844447892854,3.103874877924288,-1.8643122968822157,-2.4248847065852694,0.3948994198698588,-16.14410205845271,0.8640924589264247,11.341557904706988,0.55727803291084,7.327412118276907,-5.155391465618333,-10.575581943295788,-6.79224529185086,13.290064877109076,-8.163417852416192,1.6518525356271256,4.7146904284431645,5.895936418253274,-3.9461989105126656,-10.351497644682667,1.6588506194808925,3.5445470942143764,-6.477463838570289,4.391695196794258,2.500470666326849,-7.032709736479735,-1.2647546982786206,-3.520148611862748,-1.428645774031852,5.536923847274103
-2.9735006170957137,1.6215445763341592,8.045679796952832,-2.4441296561274792,-3.0915681100656696,10.91052765469518,13.801361438687016,-2.3044667105436956,-1.646055261819451,-3.632748962252135,-8.041473458103228,-9.89152090746079,11.891755080943677,-7.109759228153074,-10.633236807235487,1.9774989194146073,3.8832138005532686,7.489553712075948,2.5391897716663325,-1.4207465349556372,-4.359517268738676,-11.374779106485173,-3.741713952282599,-3.2656979154795645,-4.080234240572905,-8.98794617708267,-9.703762175524146,5.28440976138069,-0.007157619844250562,-0.2419462736887894,9.485451802969406,-7.001967437463005,-5.8958839770667435,10.871871223246604,-1.3647533442445425,2.226312613310537,5.914684719984827,-2.5204370153604754,-6.680070457120371,-12.619036344525194,-1.609692545720494,-11.579394935519641,-6.274608401359026,0.9495116926528935,-3.90998761366745,3.55608497245931,-1.5074012095003426,-0.5792140223739102,-7.593249504728736,-5.111780943085223,5.667710538772026,3.1429981258658244,-3.369186480179205,-4.980346900450892,-14.185023864961558,4.188680139416198,2.0501866120715357,-6.733361364662677,-2.383532907284905,0.7701143941944828,-12.028312311108586,-4.336598613000336,-10.662458385911847,-7.522823363794913,-3.288117329770099,-3.925365636784387,-7.022473865072209,-8.3461971366067,-0.8269923052960255,-6.059168856196903,-5.281192327270448,1.8334014473729192,-1.4860898542322702,-1.1799344122880493,-2.147227731200906,-14.700686147946106,1.1589881299826548,7.069550947942333,-1.6511515246397366,5.4209729993373434,-7.341304025442021,-13.341934209362979,-3.2529949021983886,10.490173225448775,-10.08323557611371,1.2596765095060034,0.4829126677483382,6.820151972912238,-3.32822452139005,-11.495177724946673,2.7514583390236753,3.7808585438520943,-2.7756293073100657,2.4819011017147243,2.211833344481998,-6.301861394888535,-2.125115240935236,-5.417502331259416,-1.177552787805543,7.747920985366898
-1.248761169267898,2.054593350313482,5.851953174827006,-0.3998954329636535,-4.324414131987887,8.630491365474416,10.947256289769664,-2.805812267638119,0.0579271341957357,-1.009443582222735,-6.599748066750634,-11.897064851073468,11.368924778132294,-5.699655885122762,-6.93725474424647,0.33879550833505956,4.61455874562675,5.175349952906643,0.9519538029037591,-1.7649990523429764,-2.231665345588077,-9.955694228678734,-3.945542720839722,-4.450897543797627,-4.219284077175414,-13.13251495443994,-8.891397029531396,4.099158103327616,-0.9111773600791613,-2.225224660002082,3.4797893783257416,-6.625650405827561,-4.5037116443074305,10.591778547142109,-3.792480091791842,1.9648519929274464,2.7454842561658506,-1.7766096555906523,-7.9861707407691105,-13.979213767071391,-0.06649004900432498,-12.833285088349333,-6.389097582234889,-1.6620594301547325,-2.735510291838488,3.991070963192433,-2.5620789246413245,-4.237610267235397,-11.057913969493228,-6.003625719003503,1.4651687620125113,5.219575866158385,-4.836771534636837,-0.3724530467287852,-15.890985255930518,1.467255520992297,5.397344513782482,-1.891401392747314,-0.7659165431668642,1.0935835350044698,-8.179751244082814,-4.961101830150338,-11.894807850830096,-13.281469495747968,-3.439358890234219,-0.7567388338277095,-7.630253765747314,-7.814615263111047,-1.263217885675159,-9.031034274539975,-9.468431878121251,0.3444016813990487,-1.1847458893850427,-0.13090412332465107,-4.942566711479566,-11.215529816228287,-0.43709467313273453,3.6147697415375966,-3.901618145291354,2.6598312599389065,-10.6628172219608,-14.001292915065688,-0.6042276418234382,6.029694928777765,-9.073048104539271,-0.8602409625721883,-3.293328007093622,5.330832229021266,-2.6766130577911613,-11.10237906169533,4.199299304809143,2.145783580287466,0.20913370304090795,0.5282693741086033,-0.11384657444343782,-7.95673680048563,-4.696481153551559,-6.662559672311867,-1.4607735861323219,7.819633315707793
-0.22061685071422588,1.881270741425892,3.5489526956435262,1.0501630767694605,-5.449472393198283,6.11470950015282,5.219151514991479,-1.5725279184295302,1.002633536889279,-0.7142653006838389,-5.353612223385033,-14.762980800831425,9.737121564397027,-5.217848402537005,-4.161067292656901,-4.4686125619666885,5.610913224663435,2.8917851523938145,-0.6039157944440579,-2.733314800067002,-1.0236872324468866,-7.452367999583934,-4.127883252479393,-6.80413718864365,-4.510185000266655,-17.863127004906787,-9.201850629110098,1.1578058742325332,-2.3027735719527103,-7.5634977712275475,-2.6997490533987696,-5.41494295152945,-5.6348875747275144,9.159589808817337,-4.995006451569173,0.07600270653500729,0.13840981922915496,-2.3881614629974792,-8.409121702862265,-13.579312093861999,0.7624569142275499,-14.852937016159942,-7.316852751597193,-4.221756681448258,-2.833781422502183,2.83027762770552,-2.1773747595502155,-7.89059944968418,-13.36284617333661,-5.067398131101749,-1.8999091804439212,5.935856341712788,-4.165314312126727,3.726244965406635,-16.51519887855304,-1.9951975018263512,6.745976015890177,2.847696070228169,-1.1788707240076715,-0.4557629620596657,-4.679365885498864,-7.966080070965752,-10.990913271466313,-17.583892541325365,-3.3739434861969535,1.8749406797967225,-6.7257149867193515,-5.933180738752959,-1.7674005678398224,-11.346184081530872,-13.413159652792844,-0.40399072651664714,-1.3939979889002614,0.4794650851320137,-8.052870314131987,-7.703842054783255,-4.320968952611263,0.6903161796127169,-5.342181419959911,0.6754491892735759,-13.806260100374416,-13.500411716971461,1.3114798347425212,1.0272489348437586,-5.486827770617776,-3.5067426672205677,-5.4026799682855895,1.7823475348598241,-1.6933044164022677,-11.015542520538133,5.409343406261594,-1.665003969927119,1.6509204767133716,-1.1257731888758122,-3.77656277752388,-10.67909917034271,-7.330001021406835,-6.479326011854387,-3.1454696516828085,6.402681435574767
0.26190891337859057,0.7361037784743676,1.3767423608504297,1.5753592903477847,-5.230365669513644,2.6529061795659756,-0.9345554649783754,0.19231315629205847,0.8225816842394746,-1.9130181760512501,-5.664070087603632,-18.244053602895463,7.671809854677335,-5.409446875268545,-2.213130020817204,-9.603944857779076,6.77300640923358,0.3371971311247517,-0.5413214203262631,-3.5986302700639414,-1.5787319318741546,-4.933191591641304,-4.294457967637575,-8.913998456748768,-5.742969068813939,-21.52014862448078,-10.578727554030888,-2.7889608512788913,-4.0301729376053865,-13.34055386199882,-6.753345266814638,-4.916311687387455,-7.506227583277026,7.306578526762742,-5.933459207670004,-1.8917375004241448,-0.8507326498638896,-4.194947911438502,-6.829442378485757,-12.260039245465428,1.0958004759186029,-16.121808121242758,-8.596930401758888,-7.373110435308586,-4.279184817214762,1.1864410864796584,-0.49429403003025163,-10.952025693496374,-12.758550344338175,-2.4659474639836576,-3.2773180749595094,5.669432229784855,-2.2594742273801187,5.4091011784520076,-16.743099565405736,-5.609866126490543,5.862305934913154,5.432410674603339,-2.0952932811674243,-2.675991066215727,-2.682102205187339,-12.453864725912835,-8.09275706196871,-19.83930368645721,-1.2609572396482118,3.371133113984012,-4.864925866335317,-3.961869520145579,-3.1763452225773237,-12.337557379546755,-14.62289235784796,-0.5780666982770466,-2.8781180356213807,0.11611278138936765,-11.11647557867349,-5.472839048059312,-9.571617809174729,-2.305932002272316,-5.6428868003984345,0.12620175058080285,-15.283481483310542,-13.100874693009445,3.1617686498190727,-3.1440045183575314,-0.8901947334240286,-5.744001801766555,-6.223418531533612,-2.217950303092291,-0.22519108926624387,-12.187765896947946,5.639571728230837,-6.162454525543685,1.3934298660379527,-1.6376332849105215,-6.325003443197096,-12.457347936460017,-8.247091035742518,-5.010385532655086,-6.459957335920642,5.868118054438987
0.5933098658148861,-1.2068238106191345,0.22692056006032635,1.4896717115638212,-3.4904150014586617,-2.3712669793758305,-4.671752598998729,1.7878505990519962,-0.05072435789776564,-2.70518077640991,-7.829139020080347,-20.370601184940966,6.233774494173451,-6.151714126429628,0.1654212958045984,-12.265418729929364,7.208176903330999,-3.1033897404617834,1.4286607429385807,-4.1947035429073125,-3.208875910728947,-3.245337287838942,-4.21708272466534,-9.572532292875211,-8.114216850632573,-22.20930964117257,-11.733464161549335,-5.82836816556316,-5.15333168346912,-16.387024180968503,-7.6963733809532755,-6.3849797894830616,-7.4640242999372415,5.534492698734583,-6.908195086366887,-2.552210703889829,-0.6064799882336391,-6.1880420318193385,-3.780099228215101,-11.00384562584349,0.9031640155022798,-15.4137272929234,-8.737001598463957,-11.247292196504878,-5.722213828758306,0.8552639087581542,1.8664250218892398,-12.50425284117109,-9.609339354555688,0.7201856139129545,-2.818775079167427,5.105190176845122,-0.2638248553140278,4.723020253425874,-17.135330295849542,-8.361177334651897,3.5661608868327184,5.3790153251369865,-1.7840256784520714,-3.9000828300169226,-2.019796401991909,-15.866688924938837,-4.910870280071981,-19.508680965382993,2.257812205769395,3.8689648491806885,-3.5965033529622183,-3.052239331016212,-4.846671751593113,-11.936143315441907,-11.928914813218174,-1.18877362969378,-5.69305993856238,-1.5391616048991823,-13.48908999946443,-4.5962225096028995,-14.375898247082583,-5.516278318667887,-4.621977831434003,0.6460530217070095,-14.42282872932739,-12.908049590099296,4.999542425765586,-5.391419669355494,2.6741162453196567,-7.404458178851073,-6.633205018524114,-5.167957913235252,1.7895891667608934,-13.83886092648068,4.542055942507917,-9.027520203610027,-0.0011556898968645424,-0.5072638275153043,-5.817864514083056,-11.77462334136047,-6.62501450760312,-2.993672399639845,-9.962430509192895,7.851198430502115
1.2601827075904701,-3.0837469233083503,1.2350497635677358,1.3185407534117208,-1.105270781958298,-8.136552781602955,-4.390506525856116,3.2575435335447804,-0.6455626255606302,-1.9701554657416747,-10.757114288945962,-19.153677962986645,5.875656303008126,-7.068926983513677,3.3975398375505033,-11.729798845489523,6.5277502436597485,-7.341071898094462,4.434274132069186,-4.096253410339363,-4.596381170852167,-2.4978016572804105,-3.9212445720907465,-8.450661797653593,-11.029459381936633,-19.471081917024613,-11.125809881941752,-6.617457318826699,-4.160041520806285,-15.47505236458267,-6.047219657012478,-9.276316019940921,-4.156408940311318,4.103409077322233,-7.8684249942900575,-1.8693018673705037,-0.12985937829974858,-7.238765069614793,-0.4909616445826088,-9.97053313200777,-0.3321978211772243,-12.580968498648375,-6.448157821722224,-14.901535325068345,-5.613809875196928,3.250254355738126,4.486212967035669,-11.829000079363542,-6.156021628289151,3.2207686002724563,-1.2605500756810473,4.653913231696431,1.2549426781158244,2.8935513105784083,-17.224838370329678,-9.725607208438397,1.1147398034599671,3.6750888993453774,0.31696500082223067,-2.9498967521299964,-1.4920504367405227,-15.881731666972735,-2.7665731120485035,-16.38018868400426,4.923453109553834,3.930741753498128,-4.070278935870722,-3.231183997797012,-4.897133617701458,-10.629066750664506,-6.177667591043502,-2.7607571767719294,-8.746814674402897,-3.9143290490365668,-14.636058793158155,-4.361455612458327,-16.94352976968,-8.114542337156108,-1.945426721984583,1.2722710521304856,-11.8576580204901,-12.289363133914827,5.859259965002537,-5.25552521588911,3.5967640035676807,-8.836961022847351,-6.745830111265081,-6.408015544414755,3.882366090874755,-14.433647758119907,2.5244880367372677,-8.602702628433494,-1.877577035075483,1.5378544575011857,-2.531027460842593,-8.258130343224789,-3.070682368901652,-1.194835504340155,-11.22536326567205,11.34513500294265
2.2953978169989298,-3.489525510267308,4.571395757384964,1.7512143462371026,0.79375234821637,-12.744251479774547,-0.4140687301074464,4.946754929546242,-0.13875472678634826,0.23513832365430343,-12.351095296718208,-14.117519348323816,5.941204174730745,-7.316699797565142,7.097778342886988,-9.02528266787694,5.524153755019657,-11.439830300176073,7.289425040520812,-2.7224119162704037,-5.31171736303524,-1.968085739589809,-4.059912889255546,-6.190500591422744,-13.246374145383971,-14.366577876511673,-7.899646107427569,-5.601699167230408,-0.5762847006137272,-11.64041983708177,-3.070041837320608,-11.362837625238113,1.5264460540343716,3.2559980067326886,-8.70001126955015,-0.9025981255959212,-0.08487673435880616,-6.939878544860594,2.361942434721789,-8.283970012083575,-2.512546117975232,-8.20946394099164,-2.1999497793929157,-16.68913760440619,-3.7719708265789116,8.070219082783709,6.825410498583468,-9.190951300787779,-4.396911709178015,4.46584672586197,0.8523412921375026,4.3898532918922815,2.1910103262463743,0.7742980539259343,-15.524924261023486,-9.7851106325462,-0.6014020281216386,1.4878725740557197,3.390438874692486,-0.08904612599408779,-0.03267295321835384,-12.264370017504696,-1.6620059873662143,-11.271637079650677,5.606969947662798,4.068308778419711,-5.512324585556067,-3.2311921788671176,-1.9268014733145173,-9.229069326078687,0.7762906782082846,-4.642194165164248,-10.459908936595134,-5.559726329089761,-14.430211929174039,-4.198512150269161,-16.52439830428844,-9.120321773526584,2.3103199855472365,1.2368853605123722,-8.849657985339347,-10.95977354164892,4.743815682784504,-2.846028538646041,1.7501340479466803,-10.08344745706756,-5.921122350754043,-6.109096452069376,4.813410273522711,-12.855258685355011,0.3081987647490101,-4.930170657429484,-4.110271334808007,3.248285007432698,1.2433829096993896,-2.7436540152240174,0.9583042793791234,0.001645581196428214,-9.163343984458518,13.729625629503566
2.9686120799325924,-1.7039272258355505,8.872064303613312,3.5022551892896265,1.8849376094707004,-14.75906329157058,5.181252205532216,7.144349425557811,1.4819976841968616,3.4943057402324165,-10.86688482800797,-6.789447000770192,5.222962810800057,-6.437246502775956,10.78597131952538,-5.863805097489324,5.525181662897668,-14.856791392785627,8.89113171970164,-0.03470840334246805,-5.9268972567208875,-0.6443783503800211,-5.170896282908546,-3.6184992895630295,-13.180390996578913,-8.879007920410277,-2.92961878751922,-4.0621048925590815,4.457347710343353,-6.709315385623671,0.2294200611727213,-10.53413918104825,7.464666544288004,3.176024982367321,-9.260795331893759,-0.7819257404204281,-0.562128743597242,-5.767807686995036,4.690933088773891,-5.5214532859432985,-4.338929670849731,-2.9201522665366246,2.339658241096876,-15.645747627678443,-1.4309330413555574,13.568894262506605,7.933081130802876,-5.7294133894249715,-4.387384552681306,4.912503060562675,3.1827682700039404,4.372378668608723,2.6471420883999697,-1.2861015502882989,-11.094047202048351,-8.87997817768031,-1.1315355337663258,-0.5001303199431,6.079356960217579,3.24435262006599,2.26255370616962,-6.398952228385862,-0.8558281982575413,-5.950749948848288,5.001302056287013,4.417655297952995,-5.85254669876586,-1.253537823757172,2.981580049256115,-8.008887530994299,7.6139276110391325,-5.550114088708778,-9.673322239035441,-5.3395990711111665,-12.885123145344641,-3.9787815186070663,-13.53561903524926,-8.313355741875403,7.378662024496186,0.8084847468490359,-5.931671317689496,-9.27219754821882,1.9032205424391582,1.328667194599534,-1.1325939480457305,-10.224731689387916,-3.170647625131738,-5.145377189582354,3.6871565285075723,-8.854495879710395,-1.329145860568119,0.3309798924179166,-6.491012824623128,4.382193623375908,3.1776818310797106,3.2910468419404095,4.21090740023433,0.8351032420428268,-4.747581604860506,13.617619696678924
2.3909765039980018,1.4806411939381485,12.232858597248446,6.558612227884785,3.094727819684519,-13.831109492648405,9.985700300307915,9.582660825452052,3.7360619311296395,7.551259898939426,-6.024942552064211,0.18056259949943065,3.777524010146702,-4.618301801151133,13.660789466465651,-3.7795568297397164,7.191202200731084,-17.879435251108614,8.984606599479381,3.5723526131436865,-6.4461541686484205,2.2239528351107105,-6.813502881068544,-0.9790565463784615,-9.951196550547863,-5.172068944470855,1.8028288392329368,-2.5794345565369845,9.360722560881413,-1.8904801070644508,3.937249978654445,-6.514540429844908,12.004478067984257,3.850334819328659,-9.207100294045691,-1.7761555118504384,-0.9501037171181821,-4.26718954657416,6.706057804100455,-2.279704579939441,-4.2191348427128705,2.955824011131414,5.814477855446694,-12.506871319443752,0.12257446836151575,18.177575591726637,7.533029800112805,-2.2631270660553278,-4.570409950190587,5.433019334285423,5.358153206956922,5.170266817134859,3.278890605492095,-2.7728481562623677,-4.9527409046676665,-7.325103935721508,-0.2786861641731071,-1.739175666454007,7.592015242056637,5.7912811414204235,5.111990701270777,0.5032289383994817,0.59244071857443,-1.7713899048360773,4.165528153900309,5.063268261796031,-3.7673571754785136,3.462137513579659,6.818943983652044,-6.253344407563212,13.608909318654689,-4.535576124444358,-6.456684518175796,-3.069084039600228,-9.820948463425513,-3.724575645858211,-8.60668742434548,-6.0786170568584925,12.072883435856172,1.2334133923026536,-2.6680926868485084,-7.730180051535678,-1.0327594588845437,6.443767321170293,-2.8578456152864913,-7.968155953841337,2.090423490142463,-4.43229968277207,1.442565837637349,-2.869207177680236,-1.2270594477000305,5.064187287963884,-8.160198770932093,5.89416209707502,2.8684158293583906,8.224333587030467,6.076855645238646,2.041070199608901,0.4988823744083317,11.992859842818975
0.79966591942857,4.783941622393293,13.742300314314004,9.573950313878704,5.593875718555967,-10.309263331515222,12.947960585070307,11.377054784963166,6.3910505049181525,12.035486331651228,1.2573460832104617,4.731939419375287,3.6372868061757275,-2.2377110633833026,15.005253806002283,-3.103456558865426,10.108761397408458,-20.467376081424565,8.453622873151708,7.860558247359988,-5.702804324004188,6.8454789434161505,-7.851765481903542,2.0027848199064184,-4.308579867265424,-4.0841723181236915,5.550989176012308,-0.5859425028789538,13.113841993003007,2.092015444147931,8.615447202617727,-0.8255446736082709,14.756961517083447,4.96419139572056,-7.828580002465354,-3.0946763636335843,-0.16564487874491896,-2.6267382673999675,8.624811509482734,0.743029420408261,-1.4942544291458746,9.235798116653855,7.468906913779432,-8.8593932715528,0.8181785025832689,21.325087273908007,6.509469586045617,1.4493631834622547,-3.3580776768766465,6.207587066128309,7.068988054235613,7.4051677274623415,5.214680631581383,-3.1592538320874306,0.3180824394823931,-5.109236696829656,1.293120493718488,-1.4613956905206171,8.27281464223174,7.369310104850442,9.090195458631328,7.803728562766855,3.35474995444054,1.2961382096598646,3.542231588195458,6.387520953950975,0.17041044530201255,9.721398423359867,7.57569906282072,-3.145957423044115,17.8243471698758,-1.5876647546087135,-2.269619863498459,1.0204386780087216,-5.305959897697555,-3.5768687639866865,-2.269665974691898,-3.1175893016657446,14.957224665590863,3.3308782312838003,0.9377107754343177,-6.359987928104317,-2.4314381123137605,11.276094576977853,-2.7714597564243046,-2.929594618306267,8.857390504318412,-4.031960781023301,0.5094451888494276,4.2948626442749,1.487507296151722,7.743568919471132,-8.137718478567832,8.561271712248146,1.6634016540978636,10.899254669102918,6.60712738308871,4.376045166576687,5.656413710272806,10.575949405152501
0.3140410543545622,7.705918142403428,13.992839440585206,10.686631088244715,9.32047840913462,-5.092909737751843,14.333746684726187,11.99650622673303,9.388013096570258,15.995961791132988,9.538155720226674,6.331899586688401,6.774068538147656,0.4926623644621282,14.090561817917127,-2.806877467754064,13.612489123063147,-21.51503519219217,8.180074115594852,12.606060909075667,-2.7765808926619524,12.288979266246107,-7.669791857152806,5.605300393145166,1.7245100783050575,-4.138896896578416,9.245755398986562,2.8948842079124177,15.214738502542279,4.479749340916101,13.576298614011945,4.4990671785648395,16.292311022153715,6.063568533717313,-4.6862782145040605,-3.447052597095511,2.5001014052211836,-1.0909695632385126,10.207085921671395,3.437056025072276,3.080076348668264,15.205501374593318,7.08652998661763,-5.675496741468276,1.8017998987999704,23.188675619796648,5.840917482112131,5.821970079515614,-0.2801510843983257,6.284152486456073,8.338215338078882,10.698016457358527,9.02463877307355,-2.684742524775479,2.744122522652516,-1.8062285174606738,2.5128554971343804,0.8524840961818034,9.126223872708543,8.537997408546026,14.72489206733955,14.861864230042025,7.222261696191344,3.9714039193171002,3.342108251468061,8.515284800925297,4.031068139800368,15.318040725764076,5.795110557040571,1.1245479765552373,19.37806746103592,2.3590560916869663,0.9580757695304551,6.466007901752208,-0.09724978262106454,-3.63006329385079,4.56249219150213,-0.5652982985386616,14.905943953864618,6.3282919035915555,3.4829630767971076,-4.6311724304858535,-1.8891632030062842,14.436773850601158,-1.7933481845270285,4.017268988049784,14.611197509726452,-3.2967028710817123,2.4078401338640747,11.486856154410535,6.3452560814911925,8.250845419617999,-6.0730282379831095,12.010379644796986,0.9787040409271854,11.37463030085144,6.493222100803946,7.968441441503808,10.336232277827518,9.84359809483422
3.259374077013663,10.518353847909884,14.22556682382013,9.176269182204186,12.847453002829539,0.436432700143387,14.914003793279308,11.847347974817884,12.354773579014656,18.051718766075403,17.077387341432285,5.900491991081112,12.917904180454006,3.552202962466702,10.8967739866841,-1.5197972942401565,17.349499640848304,-19.553338704473532,7.790483911292654,17.26794015892778,1.7718019083787246,16.500250968684295,-6.679874322339717,9.555708687612027,6.000814614003851,-2.7692287047364514,13.465857257158921,7.992205759400524,15.591182438954833,4.93236489472409,17.097000310506708,7.922969273183277,17.408698447471597,6.781230725615583,-0.23529746793880318,-1.6625662643105117,6.579018675790526,0.21166772730802208,10.924120610034315,6.124414133291905,8.138133431936058,19.390777235257524,5.234438373348701,-3.3801145435279,4.290750424923578,23.93857400204044,5.613776531703962,10.13764616396419,3.8631446861351693,4.6253703488915034,9.288863653222204,13.346021070055595,13.729170579370498,-2.2014051675378834,2.574319582870107,2.4086464782288313,2.9885103168761393,4.488381494041243,10.653978002978413,9.464219187785913,21.244323591908792,20.693885482016945,10.989242591770536,6.287562260560007,3.7559881853835124,10.647402485807337,6.04426081265706,18.529727952860398,3.29641621056696,5.060995497938313,17.867545438922992,5.944164705166121,2.0273170004911876,12.143276302536968,4.683993262552163,-3.545856833293552,10.506205693731063,0.2239944942448563,11.960106308705498,8.524524364809356,3.117649774051707,-2.2020556322279634,-0.14246420642360058,14.916084719902974,-0.9223674130848862,11.045179409432137,17.23444118171528,-1.9928721679612311,6.014973827282633,17.176161891183423,11.63234860485856,8.144685596861098,-2.6110044269856574,15.01259671131388,1.1285287018310692,10.593110170229828,6.60784320886148,11.778934400265237,14.145225133619437,8.906392385057973
9.152158341286015,13.306627325960545,15.069938179010999,5.994539820782224,14.800463882294103,4.61640206235002,15.292553798838684,11.359381491082189,14.40366821456129,17.311939950481623,21.893433994244877,4.924275208195716,19.27627394890377,6.472265030158485,7.246629621652336,1.5837384125518394,20.769375443733935,-14.211843424834434,5.846316286979197,20.95414601822608,6.168107365873886,17.837232715713967,-5.617940554662419,12.948767126282105,7.211416839168942,1.2585453941910503,17.15345411904662,13.391662584673384,14.48758281211961,3.8438994787170246,18.271660265372486,8.92717743527563,18.379542950817555,6.751900630045514,4.186246050967103,2.4586329078861384,10.300179320911834,1.2684733024857233,10.58298126877158,8.811024959764461,12.4824562936225,20.567098001436797,2.8316327871766402,-2.3950194690443745,8.307190058418877,23.35261149240636,5.024300837900179,12.7457937114355,7.628882178086188,1.491207977475627,9.812011514033614,13.348718272928938,16.849581525828146,-2.268785926812642,1.5960645007022949,5.865240746890217,2.581272900959031,7.3611082493067865,12.331747618572166,9.245612914776764,26.256689162727795,23.898025090819054,13.222133241467565,7.253150883497183,4.213787476735568,11.46691764011936,6.030433045547219,18.759231837257204,1.0988939283468147,6.78292724000562,13.241123620271004,8.026472856580634,1.0664082723172423,16.46262671051397,8.066371049842571,-2.8556828508272316,14.259406535352198,-1.4134008877760493,7.404365348409748,8.59882138985632,-0.5406160114378249,0.3539015188512291,1.6645499471460719,12.786098367789037,-0.5104515197405393,16.015914287283064,16.622758156489116,-0.9819697178869724,8.728526551249228,20.169195218616263,15.26973756846287,8.946312491184383,1.0148936629688365,16.291779768944657,1.3871131344639829,9.317997987774689,7.4272837712686535,14.097303423876363,16.54815885102375,6.790001031650931
14.732370565194161,15.499546068432466,15.897544414887465,2.6330440533104174,14.990530964533336,6.203070170720046,15.087704764392488,10.370795430910118,14.60661868640968,14.444023952282384,22.565820790879044,4.280703944571113,22.07007492534384,8.18440343168563,4.66119236881115,6.446215164918,22.72922633578962,-7.03465228170881,1.4158606808894914,22.51515356348077,8.72043911785349,16.430388482379954,-4.967323234418004,14.952575092416708,5.403816115911171,6.996211041403898,18.313389516917496,16.991004041676007,12.06351542595677,1.8757183107759134,17.50334256896267,7.752155987457679,18.74567178775201,5.804533483291802,6.880910619977739,7.539064977083539,11.488104847736308,1.812868182299869,9.415148310092103,10.672036955732292,14.987324126158033,18.888569016399636,0.6841094944519845,-2.5106185383438397,12.46391689966139,21.29288275922977,3.345952206755139,12.3970827156093,9.994597037025827,-1.4697380652140775,9.972181688551542,10.190282666972001,15.927388998716879,-3.023409252424897,1.7485445532018238,6.735488213311011,1.0535824144172263,7.565421134411503,13.133753253729754,6.8524079658701105,26.762399929859498,23.439763654629893,13.340473136954571,6.039714914985444,3.5157534627459146,10.04036039974973,5.424081025876284,16.2478479632411,-1.057701713037281,5.731690025370815,6.085472033006241,8.077136979623305,-0.8232557741073598,18.220853240086434,9.509261919914533,-1.6774389495339568,15.281580498422738,-4.808905564532439,2.904074597690892,6.113410231140785,-5.770373188395439,2.105335367495379,2.7970797353231456,9.265610180288945,-0.40982818828122225,17.454871435360218,14.074969968980945,-1.7313515629498077,8.917377433422413,20.5168057585492,15.905887407236193,10.359666033122826,4.027907140632232,15.087616258474359,0.7615816273090077,7.786717483134991,8.880620688192383,13.827547581158331,17.154254048883104,3.2772085624362868
17.230574285134978,16.3291093081978,15.298514623014373,-0.07785406237596004,14.038311275606395,5.045265544311261,13.070742083853784,8.460313706294126,12.801693930159956,11.728009781940738,19.277519513069215,4.174527711483754,19.49535217998874,8.06484957215459,2.2654779812583463,11.864985961110335,22.136865203979077,-0.9525413788368554,-4.700965373934796,21.16457434681366,8.943321158063885,13.865775677648363,-4.875274927916542,15.380351643570325,1.7502535224471272,12.376154923406899,15.80394052442678,17.137409647479306,8.525977665660232,-0.060854115165522416,15.544555833848229,4.758630035918349,17.757364887826867,4.108863467764937,6.70971616675215,11.44854378504135,9.0315210957241,1.738754490298557,7.575374969210303,10.672956085742824,14.914988026346288,15.953987206982491,-0.39213952585759326,-2.8630630199072327,15.01228282557888,18.031839315782477,0.9900882151301973,9.400318365621773,10.915274009491998,-2.586843910473542,10.375562986034442,5.3615236451869155,10.60247735639373,-4.574589755898011,4.091107997784595,4.887972881854589,-1.095458027486945,5.103476286315949,12.272942421445013,2.512071957371428,21.415727614505833,19.732322659840197,12.012546222429885,3.225267573464877,1.3968306436475446,6.369943671783884,5.535922995489853,11.462883329146749,-3.7341045452483597,3.572144057757684,-1.8956148608807646,6.250838502906923,-2.5621566240913847,17.126481917307096,8.765184314039583,-0.613239042002613,14.074817945809649,-8.360315058513738,-0.5529884538347041,1.4734270523097988,-10.081400442478818,2.9906570354469553,3.454107734578587,5.786630002266145,-0.008000657322568161,15.176645883535164,10.5251149722817,-4.9131776684182675,7.063162225170226,19.25262598574381,13.896615676279742,11.015654966496298,6.3132300393449725,11.568168834929187,-1.1233267621800171,6.040957707837788,10.397334793427046,10.95550704142753,15.760850407251663,-1.1684967530355523
16.483694683417994,15.37817697178089,12.408771006869111,-2.3779217074741616,12.457645731110237,1.9828660166005658,8.561532334135233,5.143956469046322,9.726970469401012,11.225885815929525,13.431847528831312,4.743042680309673,13.585025615248576,6.710866721816932,-1.4492064585262536,15.73369175377557,18.971704543257232,1.482248496242518,-10.32132083985888,17.14227833577118,7.563914483534262,12.065623057465892,-5.099804796583353,14.566997414132025,-2.190058063036985,15.446616209149147,10.61328872591264,13.674476384304649,4.219099381503933,-0.40746262047263926,12.841794750128727,0.39479941535412855,14.988787513739853,1.885404944886929,3.5260954491336034,12.810087036871378,3.7640462937100923,1.3619461036638483,4.950585427277769,8.788517261958951,12.718066542181026,13.761735516639487,0.1759143490001973,-3.030246525212414,15.356429833856938,14.024782827180838,-0.7586946860954455,5.90353363718032,11.127950181060777,-1.626231156124998,11.562103984626289,1.0967224820187758,3.070304930806853,-6.765166480274752,7.98652774459479,1.5879311689230038,-2.6410084283459314,1.7426782661840212,9.64966551054209,-2.30693631113372,12.121351429827584,14.315288938928823,10.341847906858435,0.5341725671092319,-0.9286012732816382,1.515833288067645,6.101956129613785,4.922987944257469,-7.009431783962184,2.9739619127724444,-8.38344609712286,3.276113411505965,-3.948805692747842,13.80679849802704,5.825930036679593,0.06371934221340503,11.628909633510823,-10.321798886658389,-3.0285483464474163,-3.8767531884920965,-11.810816714547983,4.055542319858421,4.19205427560766,3.177200244479864,1.2507736033543466,10.117319813582965,6.094652300540584,-9.360031503283714,4.940871332914805,17.449315709004168,11.09322835749428,10.354446170867435,7.591415099373912,6.922102993724152,-3.622277068193142,4.367042768310664,10.904513330679213,6.315134638235072,12.408387105377763,-5.58566046355522
14.070428095549456,12.827764698230931,7.761169732479669,-5.156976342436631,10.20562877934869,-1.5554726441796154,2.4134973171040395,0.3141790485050775,6.484565983362067,12.869844792393001,6.399577543164781,5.942530993939961,8.167844643380086,5.180277351988453,-6.142487365951187,16.14468229323444,14.451455323155512,0.18157457050351034,-13.517951404599733,11.563065378092574,5.981009335855076,11.920299711110736,-5.060088826581867,13.065797520167196,-4.8066992535435205,15.32011621186465,5.2612912416455675,8.264713530678094,-0.8054715584191223,2.088067455839929,9.426784723392434,-4.249139904906217,10.773678523458182,-0.6459871550280534,-2.0728888450681286,11.754120903158972,-1.7760341940301796,0.9823291236798095,1.577085001971081,6.078719950165807,9.720697295361475,13.069123777161431,2.004585285787945,-3.247151878517569,14.435344640511598,9.919571311233577,-1.08985452806931,4.515773342295971,11.377820639598845,0.2996231099913671,12.76141874239941,-1.043908565412199,-3.8640237784384652,-8.852705040935172,11.607258939470098,-1.7512090221245158,-3.236443481590811,-0.49612851692935767,5.936050797395531,-5.9973228298741095,3.043009535344922,8.692776765767732,8.749252680916461,-0.5958929397840962,-2.0509148061814675,-2.6680041787752806,5.844555670357355,-2.332501825206105,-10.328167026171595,5.0022727614424465,-11.833051690941595,0.023432949649979662,-5.490373916690013,9.559055526318714,1.4946722999664237,0.6420838473529193,8.578783943607826,-9.615316770686103,-4.995942999585137,-7.700199942145142,-10.976333800053007,6.140975351539067,4.900714146021503,1.5964455673532176,2.8896642374028025,3.8000412295266015,0.9785953898690822,-12.816199626306114,3.84743898983453,15.810807962584112,9.27140108856538,9.041570323241483,7.399112682607132,2.62315582915464,-5.320533217133706,3.483058527093472,8.998976285048537,1.2795033044665218,7.820453620332694,-8.823178990606998
11.480868686392226,9.486485755246344,2.920064292958595,-8.839148953681898,7.053930319902743,-4.195819641110371,-3.2910187088715164,-4.958091642065371,3.758879308804984,14.723061393459242,-0.6939174361774696,7.437411121369923,5.242639960285673,3.468943090959633,-9.677815101627743,12.802183948508866,10.254393048403625,-2.2444711152725096,-13.816724423729127,5.930846326467535,5.3882670149142085,12.54639011181426,-4.198545299067119,11.149320895410586,-4.953547000573526,12.465891259713395,2.0634655031022815,3.369069729454364,-6.42019536601329,6.733304273921892,5.26729117446466,-7.150608410294411,6.2592983622833795,-3.089761658515587,-8.671023297845334,9.422780953715428,-4.726404605869298,0.6165387010465553,-1.8416211621381509,3.539184536096136,6.89722815596964,12.826821191290106,3.796952499193581,-3.7782114155416364,13.582304048773842,6.7539606251597055,-0.2627127184744067,6.113703443562695,11.554724747433951,2.084454166050054,11.887648901879503,-0.9748360295348011,-8.628180176151837,-9.998176948388862,13.638143165535029,-4.1483140691649085,-3.9657816277565088,-0.686182156296816,2.045392146602487,-7.569910578290898,-2.008909862157795,4.095015229654164,6.9329730683763255,0.012808391723468926,-1.5041460185889015,-4.368222373112406,4.257077721987015,-8.315664061538772,-12.460017455336198,7.850562205796562,-12.312316117211438,-3.0286280358284747,-7.373534349193606,5.776585383768213,-2.3937560854061695,1.5901812317507025,4.99529800831451,-6.565578315106686,-6.378935898202328,-8.340097487178582,-8.99128656074853,8.712001393919476,4.7428597446994365,0.6977715239912778,3.757305273044746,-2.0631958553795138,-3.830965806666657,-13.797037252171744,3.6763279619387332,14.69314483605266,8.790145031451893,7.843826602982187,5.744732185719198,-0.642273622264538,-4.862709758834153,3.9095044329557647,3.998121715838085,-2.849868503176639,3.5261440527642076,-10.240757547835853
9.102752040712701,6.656490949393707,-0.9012193715845482,-12.55210881301755,3.4742125175269782,-5.44797436215011,-6.19219073283376,-8.742037916709688,1.2926693203360644,15.034773748094059,-6.44480062090768,8.811944568034523,4.190580533456963,0.5470896184209468,-10.486358645911142,7.636691528925544,7.446507764071068,-2.8188067682055613,-11.797332957838462,1.8292498677906281,5.794017803425127,12.441168631934746,-2.5193311179818743,8.538548255995579,-2.763636496683167,8.060771139703725,1.7649138128036332,0.4292805558387034,-11.650728057425093,11.021611644946667,0.6397738350974702,-6.323249288578252,2.581544256408158,-4.80515744477048,-14.139510717213515,6.743044371595557,-3.849526184632893,0.054152023550118056,-4.199146382870454,1.52101027833049,4.740908490209161,11.729495674230911,4.430602949889751,-4.806618553678691,13.288945057002183,5.399818724308752,0.8391928418118311,9.212306590075574,10.927520609103098,3.406288681218995,7.548006369695655,-0.3350697841106527,-11.066892141421443,-9.826083681027047,14.114286104511985,-5.324143538303531,-5.406895521316154,0.8017542516761083,-1.465682559006713,-6.761052191826851,-1.9567966335418259,1.5269937369054594,4.637716198053151,1.5037349813618008,0.17235650745291453,-2.752206297592827,2.3894065200335017,-10.694452200807469,-12.055203595309155,8.468571017262445,-10.909932962969023,-5.70590439727732,-8.651493185578797,3.4104573330744294,-3.969092455282409,3.294433830480659,0.7936935467730706,-2.7773663733585345,-6.750848511711726,-5.928006507783102,-7.062870130180398,10.474409736784127,3.2162088833560603,-0.08634086353366976,3.3411733193118742,-5.943936509632533,-6.648105532911753,-12.514869126484985,3.7021733006442687,14.157935436389732,8.707514856967974,6.94620946367135,3.202635407197954,-3.3689220788726795,-2.068885288105074,5.257220114139038,-2.636985543036468,-5.514081807465056,0.9315459390303875,-10.182760637645647
6.5458805512027745,5.3720936676130195,-3.5993060618322072,-14.517603318236102,0.8198705331650804,-5.86925879951415,-5.368237225717264,-9.85991025245306,-1.656935565137136,13.715040200922264,-9.583970763424176,9.583966168246604,3.7121866275198654,-3.7244620028850512,-8.927301605748436,3.072348437515386,6.019463604752739,-0.5651485181628069,-8.440544011371856,0.15699771986278233,6.252701937397457,11.180942175959132,-0.5171884035253536,5.272699741585613,0.4844466847155493,3.4627244077912915,3.3267837290007085,-0.9419390755646884,-15.108905512443886,12.684230687876564,-4.124253259035674,-1.7759875586447915,0.014016191431315828,-4.86446024247468,-16.82354684041691,4.0509421939236265,-0.41974936887757686,-1.0120053872988388,-4.8043689357286254,0.05164148543821523,3.874226939099522,9.827327054007986,3.978148998349166,-6.556766156192902,13.191068477020597,5.707089854733018,1.221016250220079,11.244819034354752,9.280221666825188,4.476524955641984,0.724628600586871,-1.3782648590527593,-12.054658909317027,-8.408607497603015,14.015185079740224,-5.556399271736484,-6.12514790248367,3.179535680842122,-4.131102432202285,-3.9895061367131213,0.9373722424708304,1.044621311679462,2.287525353992673,2.8994988550583813,2.082324365726538,1.6916864731098902,1.6810879305248572,-8.527149038824886,-9.003152763788727,5.317923505567366,-8.646767667917999,-7.63603664465486,-7.646179183652176,2.756539536740664,-2.399746109463674,5.773506304105242,-3.7888229555037114,0.1709065392107929,-6.581057216197571,-2.326734133874681,-5.314951163566645,10.58527813140772,1.2549281792902516,-1.0504843214715844,1.9264424618266738,-7.0164448362733856,-6.354224184435196,-10.29231645618227,3.52091032511634,13.760738063771084,7.86107753841498,6.191402278271999,0.5950113904887357,-6.462620361431114,1.8899791641858852,6.465859982115619,-7.581863357010232,-6.812843684468547,0.06709823099027457,-9.53348412793583
3.722845524502071,5.630719740083805,-5.476655524970136,-13.605465805317216,0.10465874687775134,-6.177130933219565,-2.710309140992247,-8.536072648389311,-5.430861441024421,11.820996404546763,-9.943741293202999,9.513698873530306,3.1764606431509086,-7.677125353340195,-6.050803392870479,-0.6055478240208503,5.291837266503652,3.5074231967650684,-5.248105023246967,0.370729550173174,6.187554482476226,9.215015093866295,1.310020743813065,2.477121771253529,3.149720400352464,-0.024604289504855048,4.850352847806201,-1.8783512664583704,-15.941528797695083,11.367411060892334,-8.70158144526961,3.7352202197924105,-1.7966765327472443,-2.4504062834722804,-16.587198419167443,1.7277460010461816,2.8771291165496544,-2.361473555875706,-3.6829258662145943,-0.8797401000044218,4.611956175140125,8.289388804786398,3.6764767937021867,-8.746175957028878,12.890326644601267,6.317765410872932,0.23297749861269335,10.408535432259104,7.237203171086811,5.594356077831967,-5.858952167136632,-4.9947709242796225,-12.842299644738434,-6.000227548369024,14.4007683752386,-5.109699899217122,-4.491267312224454,5.613113966905146,-5.538280926394343,-0.14859216683041776,3.337177713967211,1.3683925253792486,1.0463167945400278,3.63860767962668,3.9133050460002625,7.344752740124264,2.2512142554915746,-3.522718999036619,-4.78534853942435,-0.3163093961036355,-6.010257295164262,-8.111760140836388,-3.6327181523365586,3.451515944645914,1.7153108606366176,8.256928295303474,-7.90433591563097,1.8989642578700354,-7.50487293601323,-0.008187621007721857,-3.714296079672877,9.003051058200157,0.7440583683001655,-1.8473257992810082,-0.15543774142046596,-5.383177541481835,-3.66464517866504,-8.156434234440031,3.1286689779152534,12.41342118440038,5.802018134881722,5.277717597732003,-1.123981746828385,-9.82410304170998,5.71620095042574,6.50174157322556,-8.287409746688216,-7.047794837750175,-0.30878184997236957,-8.851226496940901
1.3730653668736426,6.705277729458086,-6.681532206820126,-10.353471925651354,0.7288982764259715,-6.4681556441765915,-1.614984131482153,-5.788549587610314,-9.722164559224868,10.217416995433457,-8.581907058195675,8.816978453873649,2.5719140280564465,-9.165267646266894,-2.968527758963118,-5.1374295541605814,4.426246191785101,7.524332380439831,-3.71366849591429,0.831713916407431,5.921332290333451,6.5660293811929105,2.5605449458201672,1.5852880759835966,4.023312833842904,-1.6669058068292135,4.823699605726055,-2.6584077565134763,-14.194382681729389,8.607709034006861,-12.510038179855597,6.681618609771594,-3.0678327283716236,2.2817887672637456,-14.765486726622195,0.36511333035513605,3.91831239951539,-2.9927235658419775,-1.4988386117262096,-1.1632770862126485,6.0980397186795585,8.105082863003759,4.816399442425249,-10.335611116347362,12.3971116285691,5.832143499906053,-1.9026457739963183,6.867409156877566,5.505540028085293,6.715989440932417,-9.741535392113457,-9.809072883891789,-14.119710615746385,-2.981685888708039,15.30346239982203,-4.062562812386381,-1.0664993644008618,6.93260709811707,-5.9517189870771166,3.672479468437018,3.857854922139828,0.6409729812130891,1.879217069252817,3.3730435612730996,5.91938180235099,11.99364269437197,2.850222753006154,0.9836472192184609,-1.2720009787702606,-5.404507736923971,-3.245710328076739,-6.732888384409295,2.055019429653621,4.961584922494482,6.5415604627985235,9.367857176846126,-10.426004259101004,3.012677828619773,-11.00873874150531,-0.5339815837709789,-2.6482856706929967,6.31411036704353,2.54721728047117,-1.5468162299609074,-2.7008537068775054,-1.8664969482478964,-0.8627565091343627,-6.187882105145478,2.704080883682694,9.211122362821017,2.976724403985053,3.952433092773812,-1.031732263710179,-12.13786099137525,8.823379226810719,4.918950581512774,-5.1886535147332555,-6.664152327726562,-1.3259176757124411,-8.037278705407939
0.4229831783658118,7.944759689959353,-7.26889088821336,-6.184669910480636,0.8613516950897164,-6.415247729166281,-3.872822357866342,-2.876887134315414,-13.471458570839834,8.827512383824848,-6.993430436715304,7.8498998780347735,2.155399242720011,-7.351843691976086,-1.260878135141576,-11.547928556824647,2.8625462736788787,9.445595502347086,-4.081664451812933,-0.03481457543891775,5.850892269795072,2.6605588324080536,2.694217590000865,2.810706865184378,3.0564165853467715,-1.5491552978654093,3.042940430284487,-2.665418214465557,-10.849750121286728,6.304124781705543,-14.750532415125454,5.64410057544355,-3.6767154634400003,7.935318290949114,-12.978646865243824,0.665658419614277,2.183058662261181,-2.3844492036027214,0.6258580475725701,-0.5604280501270966,6.884077423688326,8.963059299440804,7.423167256106286,-10.374857353551562,12.049200801986757,4.131736978631322,-3.9876292239801234,2.2373816102401975,4.36338759592439,7.249506065159777,-10.467215264805176,-13.266779119026076,-15.523820359678968,0.1848588775749942,15.471209896171787,-2.480492932689101,2.094836504818858,6.202213361456029,-6.181125127606372,6.2730169558600535,3.335614324772814,-2.2712207316088717,4.241878734519422,1.7821441007973555,7.781653794105063,13.92162017209623,2.413182496190961,2.718064629653149,0.36117891609475183,-7.6245366560052705,-1.0339468981280908,-4.219600532963965,6.8226511268297685,6.762705531255827,10.074371789482504,8.03157124497427,-10.597761268537411,4.00891356407983,-16.856635043257818,-3.6427892246503335,-2.312852737569904,3.6665410487266237,5.606139275574537,0.43694316585391846,-5.202877773327609,2.1186245737431335,-0.010271779304636408,-4.054194195397933,2.274117864744986,4.485874662889233,0.08026152848179002,2.4815489584667603,1.330819134036608,-12.3619470013297,10.833248933516119,2.253443488475083,-0.8683064135187083,-6.383189036194063,-3.1834328975239448,-6.629423959490751
0.9347086923767978,9.169167383756172,-7.076228602074008,-2.2757733869611436,-0.8083701684158386,-5.678387509698421,-8.219590336849834,-0.5365556881948987,-15.019019740896146,7.155729155379926,-6.006020068592673,6.937551761915381,2.001368667013334,-3.380245194563601,-1.985425121099067,-18.373310285478944,0.6641925557638242,8.071957464908449,-5.174299868180534,-2.8024994999815656,5.588449751527774,-2.7273034470457187,1.3389482043164298,4.378249018501068,1.2176839978744003,-0.13645660899759116,0.8977300570351989,-1.740856337072409,-7.430413469137275,4.80076254781182,-14.597477509055258,2.0771366349306044,-3.742496385626521,12.496752421103816,-11.462515878915452,3.1416607621240304,-1.3333708204113464,-1.4610066353862032,1.5222658851104758,0.9358857533611364,6.4132091788479215,9.406908054193922,10.03058371603988,-8.68021900666541,11.906727844851591,2.1565377049597387,-4.579595726820051,-1.836820108501498,3.629767000236509,6.7543959016333615,-9.732413042309593,-13.513861101308043,-16.04745678127979,3.0219660372506736,13.941866061911403,-0.6582633132475313,3.637899633033041,3.7182158605769855,-6.742544341910495,6.548108678395333,2.8077378027368507,-6.643686362567223,6.285705289356356,-0.8623497738885714,8.505876518529039,12.66648323513299,1.0903802817141095,1.9377539029295676,0.11572315099782848,-6.6235394691258715,-0.48971439996445154,-2.2534348266450404,8.63689952767086,7.865476051637616,11.226592282451335,4.402889292809526,-8.302542097504018,4.777614052661826,-22.40815586135314,-7.775909967130168,-2.4168554894275656,2.1289386908893353,8.205840305045495,3.3811459944873805,-6.650172713109661,5.179225722003666,-1.458025810016259,-1.411387872956651,1.6012010073467173,-0.5055814524008255,-2.7977712420531855,1.5988439672983685,5.428809578890805,-10.708141129155447,11.164535785919899,-0.2880941795505396,2.725402463167395,-6.835538193628779,-5.406628533922742,-4.326970307864546
1.953410620864552,10.407556816699191,-6.101641275807564,0.6341851544398898,-3.8478363344186226,-3.744319682739073,-11.779051432175914,1.401283442302307,-13.477119954223745,5.1827935945391825,-5.2841037311652626,6.371915477043186,1.7877497137039366,0.5325147267315096,-4.214056652784366,-22.7476609059747,-1.592701602172692,3.9668956489387455,-5.543031910116499,-6.858461875893676,4.200577971429459,-8.8036662759463,-1.155909844041422,3.976135904872925,-0.2612148447420026,1.9328372902388866,0.2371173617590987,-1.0008783504712326,-5.04633256734827,2.775745673318755,-11.72520159403674,-1.3550770301623127,-3.602026831064096,14.29690080355551,-9.082819764640378,6.87545364721636,-4.833571037151716,-1.3272886414894454,0.54788398159947,2.9641788134920395,5.223640818167491,8.214210842481064,10.926717051644998,-5.7035686242698365,11.34517736698811,0.7847841706486047,-3.079568164163745,-4.402782760026696,2.845554130451467,5.7715657894659715,-9.473276205339378,-10.636771580738905,-14.892023613758964,5.12182146911304,11.613803523497287,0.9152621264666421,3.6802556466158434,0.8279636306315465,-7.581164625060104,4.293222756174197,2.338991266941557,-10.09655112128859,6.631190795416487,-3.307024234689152,7.579382286769442,8.930136486396833,0.02855086111891003,0.30865474971295637,-0.6148562582721286,-3.263363678610041,-1.8924716650241058,-2.4410829451584117,7.349384277762005,6.971517787600527,10.094100923977255,0.30031694059032965,-4.14095313607559,4.826676027836003,-23.950169916718,-11.025035952532788,-2.3395451587097504,1.741091643323465,9.254480982717105,5.934558554153668,-5.939559474989746,6.9958673212912,-4.018449832004488,1.9207261554730213,0.565284564773498,-4.590568363672847,-6.102958639411746,1.7418760176060757,9.519536001332257,-7.872069870693692,9.605974352743917,-1.6552438409711998,5.44122445879825,-7.676193619896577,-7.36191870976981,-1.4345473589192799
2.471297099746578,11.305107468540495,-4.956156710005592,2.2911630492087887,-6.42860843800241,-0.47345909434817535,-12.613075693350925,3.2242205548010703,-9.942494454300437,3.463039389851017,-3.9320770069146214,6.089232992726428,0.9611883388965876,2.8447442644749423,-5.883720717871479,-23.009586558404102,-3.5058663918537043,-0.9136438001233516,-4.607866685040314,-10.977090021221363,1.5848545245011476,-14.180444020320525,-3.8186061459428133,1.3169321560261158,-0.1430369734971243,3.6837985997692995,1.4494901596461736,-1.958676476594726,-3.901873975204749,-0.6157473963632216,-6.846841328917419,-2.673387926337356,-3.073573921072988,12.88730825525397,-5.1288930899464535,9.47639703354665,-6.731961930768021,-1.8529093581616096,-1.9314667343378757,5.0751093990922245,3.9246717347726006,5.586930543344664,9.576925362011064,-2.071364817816574,9.75338785711014,0.05033370312592922,-0.22153844190340655,-5.542104731359914,1.760891311645275,5.249776083250683,-10.153091943408418,-6.491619908434743,-12.233234950997002,6.2342524151124215,10.153657644352913,1.9042224545659283,3.1521134650797245,-1.2405399158353392,-8.140985331192743,0.5922175022069349,1.3550976605670642,-10.13277247514733,5.466341624453847,-4.126906411791387,5.640143575539602,4.282097542101752,0.2830294446149497,-0.8006631996185369,0.12816498091305784,1.3705572929346825,-3.866355912941425,-5.065928427942924,4.665485506186698,3.458036604452621,7.554670880300507,-1.8363797180938968,0.5165177321288543,3.58772825271699,-19.60755914003859,-11.830492612567399,-1.3228292410479217,1.7695131820006949,8.5101770719923,7.492544385679822,-2.6292608409456135,8.071604522760593,-6.191644275115797,5.462984196030425,-0.6032176774085823,-6.928208914852112,-10.00806947893617,2.3560191982138843,11.319530372253789,-4.311332349376705,6.832862990884762,-1.4812764271720695,7.612063319402376,-7.616979942156128,-8.590694179319682,1.1660949183660194
2.2763430515513665,11.2271837890497,-4.109441532829611,2.943017794210069,-6.876262354327392,3.1017816821042734,-10.752198802041622,4.969642042190749,-6.9053522222483945,2.557359747161461,-1.8394268855173386,5.582779861702143,-0.7807881208095058,3.5486232610853703,-5.999898447231238,-20.00771996040868,-5.385311995069047,-4.391078933869356,-2.7708443338176476,-14.11877916510959,-0.9184630915013949,-17.53582003922697,-5.583284970425855,-1.5649479078028814,2.2290272586110524,3.9994451175890857,2.715233402105422,-5.038700562523621,-3.445645384446709,-4.235944503112816,-1.464115694816169,-1.3089691477354817,-1.8702135418857493,9.39743619276451,-0.2393928189960297,9.10306571135408,-6.431527171047257,-2.057747104782374,-4.671269142374097,6.904007400170048,2.5386459481221335,2.9498262714179395,6.977630741557437,1.7153450187594679,7.025373469744901,-1.0584934665121093,2.595865349491176,-6.4525665528845355,0.8728861345060787,5.334478470054332,-11.202960535314666,-3.1446387107316753,-9.113477449984483,6.3350840347578465,9.659115260156273,2.1964575966490907,2.792290864410065,-2.0862881430044267,-7.527151315266852,-3.1095339365661685,-0.493125060914819,-5.973731152715821,3.8810803294623577,-2.8430339819660992,4.065799130170597,0.5685378745036531,1.8151827197142882,-0.9547466002106382,3.201222295509435,6.282951422221861,-4.381347602920585,-8.616496847409776,2.8734708398191264,-1.682724847305261,4.756639783619621,-0.8648430566327715,3.7793105004030267,0.8356508908404743,-10.752157905624935,-9.914385973226477,1.0742925657285118,1.7834653042434392,6.60700306115005,8.002262091642535,2.677533936908924,8.57113552270672,-7.327044722221093,8.13192395704651,-1.5769563251998269,-6.954276779139454,-14.143046753932698,2.060766696110438,9.346880362029234,-0.6270694343882859,3.9697392552642143,-0.2833305996478591,8.841398098389675,-5.801674411817639,-8.825823562683942,2.5613210995062903
1.6145705525933578,9.774062354554106,-3.193238262990204,2.8761788497576277,-5.144013237033548,5.820273228983301,-7.263221769427828,6.7420242156326635,-6.280404697987033,2.2897116976216356,-0.1711047811845139,4.510896129871316,-2.9921404576910953,3.6979322184448526,-5.418814302262137,-15.7927580658365,-7.911647634710183,-5.2813897627683,-1.0560159371967959,-15.651976222193367,-1.794667322592888,-17.96570703434413,-5.682440048534027,-2.433538786684034,6.105806404277848,2.3172450425445046,1.4825384806739828,-9.139816933604378,-2.6987863843626085,-6.222574156228617,2.805024713801328,1.8103875493842019,-0.4675636449054008,5.641676854413445,4.302185304297734,6.040995949000935,-4.7327300085534905,-1.2041387168752358,-6.334823809425603,8.018225927839392,0.8405859665279702,1.8021765743086682,4.577474182479246,5.2547979702402845,2.913194239635745,-3.9666049958471454,4.333892665113603,-8.193066638265984,0.9833532536749765,5.29197317568957,-12.24304305400762,-1.3682853962763892,-6.529820176068746,5.669727477434986,8.60121412814248,1.868686892080274,2.5117928208336857,-2.2839785159019748,-5.36420992149473,-5.990091585130239,-2.635935806441659,0.21771973309098458,2.654317811629314,-0.029846528988246135,3.837272722786941,-0.8755464377912687,3.7409677679822573,-0.6777285356108909,7.604107457289134,10.446452713044524,-2.3802037377510246,-10.888762553094494,3.1845126839305244,-5.987665101778571,2.8276281556864267,2.491699693486717,3.9879864355451353,-2.6753747693758427,-0.5676367725112268,-6.509687748041818,4.55916528833789,2.154687742804133,4.702289393235091,7.156809425187729,8.385224245440083,7.98305977323229,-7.855541358892061,9.02692929172551,-2.237790803985164,-4.725680645863534,-17.97986424116855,-0.09310708911675736,3.9707552080164614,2.122634647455892,1.6506618924167018,0.8584345626941228,8.269638182599785,-2.677060430816523,-7.945885084912196,2.455711991761156
0.4105225959763694,6.6897030868475715,-1.8500066797886017,1.933144306060782,-2.63887734508808,7.345973361330512,-3.0822182768382103,8.205702477838424,-7.679890177693285,1.543170531936112,-0.040553491015048015,3.2196158454930455,-4.805586513563293,4.504949452194443,-5.586258249712287,-11.536541828050144,-11.25258092752149,-4.121636724310848,-0.7572583621644986,-15.439805377638383,-0.671289109542057,-15.62511418122304,-3.934658937485511,-0.7432128001702316,9.767065675518104,-0.8380002132728377,-2.9513878119862706,-12.608769686830977,-1.172049808196281,-6.044668082931962,4.602724167302724,4.774485541464559,0.4181907168300998,2.4322592438865325,7.326297655647233,2.1868911548604375,-3.2422230627581428,0.5284170103200907,-6.431659464234966,7.8058018057029015,-1.0534082124843387,2.6525021554551262,2.6894204249006624,7.962002081290345,-2.8607013925988216,-9.190618112284879,4.638016929875828,-10.370452004302448,2.0357645470053187,4.581027775134883,-13.364743021696778,-0.5717051962521205,-4.958072272944175,4.662600800118387,5.899331730393826,1.2325204722532719,1.711564874964287,-2.9379700966470983,-2.6985754500063805,-7.651303697552043,-4.004209214641389,4.528801014571727,1.6800135494725648,3.3590552613651026,4.700291147657139,0.21148479099086648,5.083992463655301,-0.9355784506308904,11.346760124715345,12.33393574266016,1.3804707551622135,-10.7494738716473,5.0507539842222,-7.333815422590561,2.477212082109488,6.6136523900501984,0.6824099417188374,-5.4407367970364815,8.051140481289904,-3.2799809271598344,8.06981405212108,3.555104076872152,3.670928380426399,4.65244277023012,12.258258007484036,5.656121632148854,-8.566935278204612,8.02905613540591,-2.6346623868020367,-1.0754005931530957,-20.877583194015006,-3.5804325613262726,-2.5660804410343703,2.771695854888164,-0.4240211380750871,1.1844076408393833,5.5239956348611745,0.4349558964864042,-6.303025494457267,1.2311391411536423
-1.8665816760407319,2.200106092382216,-0.6144198622325021,-0.4952530849478065,-0.9074281913800446,7.665280740006751,1.1917374945639159,8.002371164426195,-8.833164686047521,-0.9950916672536225,-1.256246784237002,2.3047355051860543,-6.087111381030758,6.528390819085854,-6.96862203884041,-7.269634684914887,-14.747846204723839,-2.4046877029480846,-2.6086728038348532,-14.06860544314927,1.7535426713535893,-11.856623104748277,-0.731880068402635,1.8681593803260663,11.62719973683894,-3.979784993256077,-8.557968122576105,-14.552369738747904,0.4458168510090874,-4.733042542952628,3.132308186458014,6.143582088370074,0.5379591935432533,-0.6541814069739083,8.071284100273552,-0.6024436226171406,-3.0518781975070253,2.284814766115279,-5.685178335274304,5.8707761813309585,-2.8551711626666183,4.658450783986683,0.25637065088489014,9.390284839684872,-9.628360190352323,-15.48761572772823,3.4383958557125167,-11.646935204266669,3.0927684077229785,3.5514397224907386,-14.48982361881303,0.061884340688555584,-4.447567475022718,3.610387800944734,2.1877878457439515,0.5737972183994304,-0.15500170455759976,-4.343856470296352,-1.2647345983861689,-7.724786053491433,-4.106568827243323,4.236482764557173,0.21962859180359695,6.3317531382837275,5.6963376489617215,2.655107537311653,5.1142599244940055,-2.2340092192406784,12.933259643574324,10.166617832820279,4.842424838062064,-8.741041277162257,7.107063481735042,-5.65878542895209,3.3568530842779367,9.855660772987386,-4.884976152637632,-6.308775755101444,13.541775010232685,-1.2384060424088457,10.443517001569118,6.23767970988006,3.6352796046067604,0.8051242055041792,12.413457492066561,1.5948866798534918,-10.062801161496779,5.705415225280872,-2.943190282090821,2.8114777924660563,-21.778848715277885,-6.59382616030745,-7.4607270926800435,0.6864092307464873,-2.7554596815360837,0.8209283953666122,1.4326389662454464,2.252858484984615,-4.795451174337753,-0.7558857412519098
-5.646972519457316,-2.4156517625109135,-0.6066106216691447,-4.668770791627205,-0.9293357277727978,7.025680225205915,4.784312930698951,4.574064719937076,-8.134696511732674,-5.85321500491815,-2.7483161032901786,1.9862711856696418,-7.500597071956322,9.231498273693859,-8.77017921282994,-3.132555511169964,-17.438940419058646,-0.966433800969825,-6.0363252065896384,-12.477583380573135,4.320314031280255,-8.011130957052824,3.489952359212513,2.7487033797888527,10.870174267194386,-5.42442469160534,-12.305496751149468,-15.224580673592047,1.1654537193566306,-3.535038178421205,-1.2313612157751699,5.94940979982618,-0.1736540157969202,-4.068072704442063,6.413848849928696,-1.8426419419205997,-4.31447576379884,3.248691550736222,-5.113638899224256,2.5357593737627377,-4.606040194333481,6.0048255338689565,-3.508920403074846,9.854702788546684,-16.06318626780318,-20.54940923355028,0.698471333332499,-11.097862438071363,3.336372477306457,2.6722221234154184,-14.85414164499359,0.6022641958167365,-4.902048590562271,2.608818649190189,-0.9263691792174109,-0.15807872155778346,-3.5259434259377986,-5.543999012226018,-1.784265510265127,-6.200661982360253,-3.370089406357684,-0.7662106548908105,-2.105514916168187,7.872491443339075,6.209231582659228,4.3355169281463635,3.757766072682003,-4.1444609231579825,11.879148454558695,3.615245063546885,6.300270456934121,-6.130509121239379,8.342826096668318,-2.8601928944386334,4.204547076317398,10.991381107999747,-10.511595044912653,-5.054603595596097,15.822668101398339,-0.6725872451745292,11.371582775708877,9.459968568356645,4.107078605572162,-3.5028557857187756,8.752927579983476,-2.871507492739364,-12.516659076998149,2.937498443006497,-3.5697799385769793,5.648354280503563,-19.783630188948216,-7.493908542783867,-8.98650891471158,-3.571995074594769,-4.925802412982166,0.4841032433979799,-2.0309087257885587,2.3524532822200843,-3.861319842245654,-3.446542951299206
-10.56486895996473,-5.446012276340604,-2.5497236574634035,-9.395188126916056,-2.8635239267823764,5.861817845689012,6.291011070261606,-2.567352938943598,-6.119141682296609,-11.889397254127484,-3.5700943827611518,2.3061769573475757,-8.90733277003978,11.412326073957896,-10.186472039773232,0.015605488023857195,-18.649551699927844,0.4053219707723907,-9.540715778701298,-11.166800941936131,6.028522440260051,-4.589043400541611,8.211706352195817,0.5958286697579035,7.633035881558738,-4.404689174722738,-12.264753130801317,-15.426182825822739,0.853592790494859,-2.938098287833311,-6.592523299081597,4.975161323680629,-1.649658675759579,-7.536341475177773,2.9489868629642606,-2.5741522058929673,-6.703338108017677,2.7868810920568112,-4.758550116588663,-0.9247060876152964,-6.389355478335927,5.24705294508324,-7.644480736947343,10.18987201739584,-20.89461058459998,-22.682286104891865,-2.9178748635684144,-8.89668796758544,2.683772481310966,1.7387006871516992,-13.62562138699958,0.5797731912108239,-6.310963527627731,1.9852928670597203,-2.131423263858302,-0.9950129438597934,-8.203428281407454,-5.622416617319285,-3.494794566100728,-3.5342519848200604,-2.730747868006793,-8.381688502693803,-4.429470193451477,7.499107883095458,6.327458293425079,3.6468813876784028,1.4964703765269398,-5.393153036567881,8.762570328486362,-4.861518215540984,5.791575884260538,-3.6907422733993194,8.558988376581748,-1.33849795126112,4.281523041070936,9.568343884736462,-14.291972171713148,-2.2165603783223427,15.947886754487508,-1.3227382200347577,11.297143034559404,11.528075070703762,4.436932644243819,-7.26362153992733,3.576724325334694,-5.3190784628313565,-15.046183421060874,0.9091174315309606,-4.910479699789427,6.3446559940529195,-15.354691058028635,-6.300644537950068,-6.928685092422064,-7.9660235677045765,-5.951265985146196,0.7927836629412065,-2.9694416673361927,1.187033184168314,-2.720051967606566,-6.493776191749486
-15.119035315990036,-5.836954565416919,-5.947964564287711,-12.26819582478192,-5.911465485701565,4.153196720080589,4.206883152840452,-12.40163197866122,-4.4737325780207255,-16.200479186855027,-3.396516162531271,3.0708429165330484,-8.83559651813647,12.05007505756009,-11.034708462942284,1.0636261888700438,-18.128324238505037,2.3480394121632937,-11.500110737165663,-9.867634583904257,6.795690116952736,-1.5958267307475484,12.521562166751687,-3.309820590153815,2.8022943630547275,-1.796544342403152,-8.597788889700501,-15.656545249002695,0.06970014973356653,-2.847808189935895,-10.207263235778989,3.64777924518899,-3.158561009970075,-10.375981358606849,-1.1100133638428866,-4.263418192882868,-9.515135726390529,0.7040541841052075,-3.9858228998659584,-2.7463719335303516,-7.78973494971876,2.663604508927007,-10.027310987658483,10.996425373633237,-23.001926090678886,-22.003742247519643,-5.831263749840249,-6.0813017576597765,1.744710544045115,0.4747815796851287,-10.904011148238162,-0.18104718854745455,-8.394074761956135,2.1368876413098223,-1.1175624452199573,-1.510016204877668,-12.443862607170232,-4.603680459374609,-5.0708752243546655,-0.32138723553563686,-3.037005042274986,-15.09684429826298,-5.4934822405477,5.523896216934494,6.522894031941279,0.5545947159643825,-1.0764304808286762,-4.597779180838189,5.2175487975921016,-11.234353608510755,5.012213165565496,-1.4885220079351418,8.476440151124114,-2.213352259255375,4.355426797783437,6.0514291664502196,-15.32903764239987,1.2418567315594449,15.231610438893654,-2.3732688404721722,10.410708435283574,11.015337071396718,4.248384931879546,-9.75064848463409,0.21274833594432885,-3.799350221121659,-15.990113937668507,0.7626988221999675,-6.93439615163359,4.71014503896372,-10.17071898054769,-4.640071034200956,-2.323336599560087,-9.860442463710772,-5.533805420196364,1.543934614155814,-0.973576550185967,-0.6005208281324056,-0.34026916952233544,-9.038343314053106
-17.363912704932602,-3.560316546518982,-9.424541927518982,-11.30089476774383,-8.76509483696928,1.755938709798753,-1.3872662852816506,-22.632741091725176,-4.274426571814552,-16.146676027304323,-2.3606756539355582,3.3709208317536965,-6.464796012730619,10.669307318627936,-11.160580499747883,-0.381844893739947,-15.907163014854406,5.411582105174017,-10.84332822118935,-8.150160482342677,7.361771713311139,0.7232377981698035,15.480012005282045,-6.495591214040352,-2.343781016913746,0.4231032436101234,-3.3761900102624054,-15.618349700180326,-0.7205025654435562,-2.742767704689807,-10.140931457320495,2.213181987068408,-3.532587830629692,-12.01523936016177,-4.1451045286282575,-7.196238652776994,-11.552602873798294,-1.9634831901050105,-2.6793462598068496,-1.8458216523718476,-8.145655678127856,0.005944695203146999,-9.190425105344751,12.397993490462206,-21.793563680356456,-19.986154007646967,-6.780881869672884,-3.6733000292480327,1.2883561630098945,-0.7431814568574571,-7.816581705142959,-1.0925950964173343,-10.07644474104705,2.8207374444653137,1.2423092328039282,-0.6898876462749857,-13.680010039401811,-2.819618798645034,-5.544708285893908,2.566753616179011,-4.3825030031757874,-17.63828652029825,-5.156685976833332,2.6652811058598394,7.024532733629273,-3.3613393209250004,-3.117559049491409,-1.475883073367718,2.9055456393776136,-12.504879721623634,5.661343742095431,0.6600143371272384,9.06836828683989,-4.472043960710968,5.545377158859397,1.726131787533853,-13.697452737617136,4.269030215702816,14.31901369211371,-2.613343603795868,8.630626449625215,8.160107245530932,3.5554472611922123,-10.756561581224764,0.6553209684261733,1.4031500720667358,-14.520623831064293,2.577078332106073,-8.699535270767006,1.6688805358340328,-5.610052736970539,-4.3163156785549655,3.1308658583901825,-7.682991412820508,-3.986000765037234,1.8253928981610912,2.7685496444171904,-2.2706008158479856,3.2365981082841455,-10.017546347707073
-16.27006057451016,0.38354921232978123,-11.6175141216256,-6.437780604165785,-10.42028835676968,-0.6809686736678249,-7.996610967432222,-30.593193048618414,-4.939688729037421,-11.89207401334306,-0.635298776532198,2.2105062448090695,-2.800966386540106,7.37907126660923,-10.684816122656905,-3.1933747521584284,-12.282449473172333,9.672302790045618,-7.550882879595678,-6.186694159010324,8.14318429671287,1.4164026573626778,16.553375750138677,-7.672827267989132,-6.318728546357042,0.9486308165618663,0.9606627351137347,-14.077249757770495,-1.1633881381230677,-1.7637214772761325,-6.593431353693343,1.1689247878367646,-2.2377420839251623,-12.155783570140837,-4.4257004769984185,-9.606961384772589,-11.481122668970482,-3.103141887637453,-1.461620743031716,1.3568498928665846,-7.143427182148343,-0.9358877673130208,-5.511708594506256,14.331788971922077,-17.760928445850574,-17.855162779372975,-5.906268984354146,-2.0712288874152067,1.779972957332359,-1.4987847076008673,-5.716290136461696,-0.9935286365268735,-9.939712704917994,3.39095109148194,3.65211168268662,2.3281215055550666,-10.592784544914753,-0.09746678119624708,-4.702581668806056,3.9072244966495973,-5.922152252096364,-15.408142857625656,-4.328417652128522,-0.14734675340982106,7.690284633980774,-5.897580580684918,-3.8961825999468562,2.900217931448579,2.377098109815484,-8.393409558689779,7.494877298351454,2.791082442790538,10.419870143581573,-6.135514038156716,7.642478980351159,-1.722141584231104,-10.195131784284523,6.065727752318075,12.928665109069053,-1.0849489641122718,6.5746434104094496,4.627034774233202,2.5214715647630053,-10.862977138970235,4.2534154329753875,7.762836029661272,-11.108911279275723,5.124773951497752,-8.79122734562415,-1.6577126060080962,-2.3220227256351444,-5.714485395525442,7.728409313087972,-2.163880985069738,-1.709411714517977,0.9440731564768781,6.240763439779015,-3.0257908400909876,6.798179640600009,-8.694752808487252
-12.557432575797744,3.7821693922321327,-11.94359761412332,0.2027960112688758,-10.800389995687418,-2.4265523526900226,-12.107532469162885,-34.36699236869155,-4.8334473038826,-6.418214124206022,1.1036561612994575,-0.5456886937263241,0.6287719589480361,2.8609347471211004,-10.211891229898821,-5.644095412157654,-8.178999578614578,14.216989314258992,-2.5696528367062115,-4.833717474221709,8.504612538006043,-0.8275349071735927,15.287200900408367,-7.371213083294323,-7.804627593161664,0.3144058425719293,3.030523573205601,-9.938272047907299,-0.8066459221677347,0.3298786621898824,-1.5809412505836686,0.8562847938318505,-0.40503285961797486,-10.724145606711616,-1.0710327309390653,-9.363483889407096,-8.944067293178469,-1.24424217745235,-1.0567043948308923,5.0998110746173495,-5.263799724790871,-0.04380142477306803,-0.7153183397255616,16.399339730070523,-12.349675599316136,-16.076503728952517,-4.4570158631049015,-1.3614838806007055,3.243094276588699,-2.411263705693692,-5.165057619497743,0.4784457269836707,-7.575726338491068,3.644861336905295,5.005496628354148,6.946339780851251,-4.346360382148209,3.896715668881529,-3.1340787863760555,2.9290945104815234,-6.653095956798128,-11.141621481207835,-3.6842927472907685,-2.26424808754754,8.226106937733459,-5.743459382212995,-3.5369258324133224,7.066917540552213,3.1464009661999115,-1.6514228595863003,8.81235558936233,4.314113212624301,11.56044109853286,-5.980775794635175,9.288489199689419,-3.2378087710142225,-6.263584539010727,6.558269665977605,10.443011525368533,1.803836002974799,5.355852549303737,1.86206730828336,1.0674072329278368,-11.141912676105711,8.32913363133162,12.336053087094797,-6.693540526202678,6.715497603529849,-7.085200705499335,-4.626799069810359,-0.835125998713969,-7.528701680172914,9.990936261499769,3.9000553181175097,0.5331391380457622,-0.8820898936854218,7.590786050139346,-2.569433251888122,8.829535496250042,-5.5599884331242695
-8.353530994867771,4.070889284946854,-10.86854585512031,5.753597381678258,-10.517640124797731,-4.038198965268839,-11.762227087852171,-33.18044335212302,-3.031803424705211,-3.1191929061248485,1.3798115608859272,-4.099377174949143,2.905087712335797,-1.7248011386188127,-9.627981287382426,-6.965191795225021,-5.058351039100679,17.318838505066445,2.5492606238418105,-4.996166254467093,7.092262471953754,-6.043253171487688,11.396686240531004,-6.3429111094898065,-6.2299429847057235,0.054277111533034494,2.6207912310940946,-3.837403101932503,0.507280783865395,2.4611308413865416,2.4440484561605205,1.276297902645806,-0.4252611588072126,-7.949001499262012,4.865299632937396,-6.791289020903167,-5.157158461837963,2.9262560644713256,-1.5660708338485616,7.632576419707424,-3.4366546306115424,0.8293772853459194,3.257359212733122,17.456629518571294,-7.158635351471702,-14.816179700520895,-3.7299892885390564,-1.3792334612406767,5.238973626288121,-4.576827594234745,-5.574777011024018,1.7448866259564288,-4.076395369283293,3.9157789763239865,4.485287041131439,11.477189437333326,2.2621889205776733,8.703558712795324,-1.6413521841242127,0.10170094521131157,-6.296509683558835,-8.40885318531986,-2.8446013443030616,-3.859568800732289,8.112845309421854,-3.46344126768256,-2.5567095155601276,10.02628031573891,4.255582162470187,3.6603378636486017,8.599401370800432,3.9922315276532547,11.46620177812376,-4.177874193192968,9.539773850677108,-2.9640974864989778,-3.2629238408441417,6.513512063839342,6.6322157567968,4.1117724529302695,5.434231390426139,0.31975655760737975,-1.318502550692651,-12.092148707242432,9.90298341212454,13.467507902086927,-2.128480474414892,6.126749338174665,-5.084195688486886,-6.817404973052717,-1.278967522205249,-8.083714426197329,9.232583050588495,7.647162025556492,2.1475075128097596,-2.5115777718277066,6.575038618647708,-1.1711344780053925,8.48572891807914,-2.5267030314480126
-5.863067755095168,0.3800353866274029,-9.149712289606912,8.380761773820371,-9.933200264050342,-6.751348071283401,-7.6520510224968366,-27.2954294660576,-0.18894750629832258,-3.5562800883367136,-0.6696813942205577,-6.97301537077115,3.653817912648113,-5.044972790134122,-7.844374343774129,-7.1866691545067,-3.9300289996890934,17.65828473881573,6.024811194535785,-6.781874684034556,3.019278270709971,-12.152532011418725,5.691987494545824,-4.389565674121354,-2.194830288316005,1.2683551224891056,0.39755177835587197,1.7959463068496673,2.3040783254082924,3.1222310844162044,3.8564794244448004,2.657001991409569,-3.7016901543877694,-4.63779788932661,10.92698988443556,-4.4892737227420545,-1.8077572125316486,7.2633771323816845,-2.5127774409924335,8.599465449307438,-2.052728532738647,0.07347787048221166,4.962838510923932,16.335147850711657,-3.415724647250399,-13.580582623720362,-4.16192844001774,-1.316349217502353,7.116277609260879,-7.9055413598795266,-5.896209014653899,0.6277045255567144,-1.1763543960176754,4.416164675002563,2.1215001835446077,14.48033110687804,6.822870008309375,13.030691398892575,-0.4932075796136152,-3.0757614868241814,-5.3447966945548195,-8.480418098139117,-1.0702706410700278,-5.375966840687278,6.763537999792508,-1.1815608209680843,-1.1417113380284805,11.253012222246284,4.522940761130272,4.98233674547952,6.873198439899219,1.2984263156101503,9.794148577158523,-2.1968288157989635,8.534209525000232,-1.5392997344449193,-1.7372265653897196,6.66027798610684,1.9332828063526648,3.908551566434427,6.224324991227387,-0.20014140201297614,-4.965838994965361,-13.241106868204565,7.3274118829395025,11.19812481033501,2.2047111976385008,3.3959788837442924,-4.346628301112054,-7.990691159798859,-2.6843572783632315,-7.008137757055364,6.253419789585228,8.276469864060834,3.5243377778641882,-2.7392086021282784,4.793109212617463,0.6354438339107089,6.036163158290586,-1.497139045734623
-6.338589625963296,-5.749752822070622,-6.926875306861289,8.06688602185952,-8.562415647976437,-10.850374722983508,-2.049364367566259,-18.085474921115654,2.193730217701224,-6.8112006713411635,-4.211919403701972,-7.832906768990051,2.7011222277879208,-6.510190077824352,-4.493852752024726,-6.366794995603478,-4.7351695412939705,15.051432006310467,6.907222253356145,-9.062659643545903,-2.907086509639429,-16.492452990136623,0.05677850593891076,-1.0651339575497438,2.366388482830117,3.9633919305370497,-2.2665857171979007,4.331432656781452,3.6950978230989038,1.8023730333183932,2.7537521495410897,5.273357967862635,-8.625363497058224,-2.2935550866076606,14.838004576092917,-4.1982392947769,0.42252644558432517,10.103378441151627,-3.532848915766487,8.409498946198482,-0.9627207213105441,-1.906938805528097,4.002593435891626,13.151998028165986,-1.9050965839073868,-11.186674138516087,-5.2166852910523565,-0.3382280550225653,8.312315821891724,-10.851532343230787,-5.378650382931031,-3.2720087989620192,0.09851667975279188,4.920328259997378,-1.0202447393327558,14.907602757634614,8.354561791141968,15.58866866287461,0.4335249819195157,-4.813099227828628,-4.774174823093542,-9.770000228043664,1.4504543326765036,-6.449687644055663,3.810387550699498,-0.8646614490165685,0.6853790847103148,10.158196073843284,3.1776689815996106,2.5032949040886514,3.9659528317366384,-2.2429588141349495,6.889931440382781,-1.9494439239404822,7.087724643198711,0.4741469251663538,-1.7222650547573322,6.860642179861346,-2.4940770951936724,1.3135174779203083,6.606489891581949,-0.22258873361536002,-9.135791058054984,-13.752621467421458,1.4046925577660216,6.7164524169884015,6.329290418718722,-0.1501179214657129,-5.40116646903283,-8.240743242859786,-3.682565602383568,-5.4513166395656905,2.8359049612639327,6.971132241633996,5.215513512787065,-1.4623062974334213,3.656279324010239,2.2953458367336705,2.3821922754205516,-2.719648696562517
-9.625692519565083,-11.695752431850448,-4.140846954676329,6.035257096668968,-5.548211626648618,-15.166446530145528,2.390653232654323,-8.145437866068168,3.235652664314595,-10.506617019026388,-7.647600373281676,-6.598810531234263,-0.1766919236616633,-6.910007577711754,-0.9162583288359389,-4.5648385177300135,-6.748806515909134,9.919591501669437,5.908556688609287,-9.835228215200894,-8.386895605856152,-17.49019849710064,-3.9390558105244606,3.2607292207216774,4.847693905832066,7.133692598491559,-3.993093344002806,2.9652563426027494,3.888954139862246,-0.3683591547803937,0.7198884105787722,8.404999442688549,-11.026676934031507,-2.5249883187102444,15.45000040954564,-5.231448736233171,1.7974142447419752,11.06559923157191,-4.599148829967077,6.657791800820531,-0.19977622526173533,-3.699525252669333,1.3882095792911944,9.275940703684604,-2.4133620713835837,-7.528531153633331,-6.18220737191267,1.1834044469708207,8.234984189937322,-11.818848005830446,-3.404526013578565,-8.280017292885137,0.22374698501025048,5.05203393523826,-3.8125318159213784,12.249568076326266,7.007914977790481,15.74514115020531,0.9830808918052879,-4.02951014577039,-5.537300459956726,-9.688953688103023,3.433031455575065,-5.992053214031525,-0.8586246145732988,-2.5462976712134586,2.7685882631506806,6.285102845609979,0.7030519957160375,-1.37809016650694,0.8554091343200451,-3.996825363477164,3.53565089599001,-4.220509259355019,6.106771097618584,2.421374927234521,-2.986602004703883,6.56316242659056,-5.3309238781515225,-1.4470266722364262,5.736746093100626,-0.2807101245279795,-12.318168878986706,-12.973713526519594,-4.921180463407642,1.3577129408748918,9.701108046819394,-3.072425178683422,-7.39098998562455,-7.757536879328904,-3.8529094309312075,-4.707138596507836,0.48792583591742544,5.163686949207777,6.864313405522684,0.21911219965086956,2.9492970313158677,3.4985300400766377,-1.492527222024893,-4.934906133152188
-13.879811346188061,-15.25521458041106,-1.1373072477020243,3.7210073241413504,-0.9211868138639114,-17.583795242541818,3.6384020373463763,-0.4780149833304348,3.5371150446810464,-12.742900991097093,-9.85799117627959,-4.407707088667889,-4.811347672879573,-7.429643333543116,0.988778061196407,-1.7354561302094504,-8.853292880435717,2.9007435173188307,4.412370980088841,-7.517552406939636,-11.471141174672463,-14.98068108999873,-6.041318999706613,7.339565784983186,3.525262360793935,9.602582069301171,-4.456700351411807,-0.5977826312092434,2.7507886012192047,-1.3669936311286712,-0.910666424232704,10.412829454147406,-7.6759301155485264,-5.84790476109091,13.041335656592622,-6.115108250392496,2.485099772774801,10.85428202142884,-5.735553882367514,2.6502481429293274,-0.019896883655086572,-4.710496731269331,-0.8654325241062555,5.823133340991272,-3.1184000575549646,-4.15047782579151,-6.662349710960178,1.5590166820814786,6.369173892045304,-10.604434989288999,0.5640336497735268,-12.350492842282199,0.6972814631246402,4.523569771132972,-5.808979378274685,7.5001606391677615,3.6120135392583665,13.85940462937157,0.9147432926486436,-1.1919110957087469,-7.5062724374417895,-6.679814950998631,3.754707429608841,-3.4035153852778857,-6.802894478257308,-4.4324081525344905,4.595477650137391,0.3087463089125908,-1.5030521384752982,-3.655848797351422,-0.9640110585893304,-2.4093472506150735,0.5258258985738529,-7.69784447046308,5.851942518041814,3.5020009006639508,-4.548438158298646,5.717107421686679,-6.133181211729209,-2.3062945458189836,3.787942378468519,-0.8093585790500089,-13.3884673339484,-10.77930247908378,-8.874762500300745,-4.057433955244225,11.0990359874764,-4.663838193898802,-8.40104530031373,-6.74234454031627,-3.8436077361662084,-5.249856920494733,-0.28570500795784737,3.802328684826133,7.512879731332274,1.1307025545985119,1.6898906655561192,4.203113791242794,-4.482649692067529,-6.932587454997999
-16.332576152767537,-15.433552747046008,1.6599079552205929,2.503366417895941,3.91476521376363,-15.935989364247503,1.9905093145296027,3.280423479765866,4.393277830429211,-13.132700278464858,-10.32424921122924,-2.347027749657245,-9.905440562016619,-8.183729843058828,0.8112151640054148,2.3035339234085352,-9.685902460110757,-4.633605582687977,3.1303642017529687,-2.2530810738117895,-11.862257452166315,-10.196396000176632,-6.853080067380353,9.680912110773011,-1.2634928488595367,10.740888510167654,-4.490159990427429,-3.772880781014889,0.5499839240321492,0.06507124438926848,-2.1762317907314297,10.245604674553281,0.27467833305090394,-10.966085208502184,9.081732465771552,-6.741365711197885,2.4487377238496886,10.2842803043984,-6.841265456083513,-2.6634593570925844,-0.6630012639008768,-5.637099206935539,-1.1178970844626694,2.50746233071639,-1.6234791166582134,-2.3623259519656132,-6.234779223575697,-0.6956132678841478,2.8852121693906008,-8.617053816691062,6.163394021609939,-14.357040743610314,2.745169599007623,3.431979885830798,-7.100115607849607,2.938191402445871,-0.5115758578275924,11.07255345209269,0.3671682738225456,1.8877857047022588,-9.286092405817254,-1.4749711219166355,2.66544762634731,0.6431269937552733,-12.678986863787667,-4.70648040701256,5.193802310683187,-5.854525176247833,-2.548534469133374,-2.681834026530907,-1.1754800066574527,1.8929712454281953,-1.9058738540757334,-9.726185138412648,5.774522602241732,3.221027870856589,-4.847520154424348,4.720717318367935,-5.5896037711410225,-1.0900151055800218,1.95063643165021,-2.441416089191047,-12.332998460570193,-7.5314358628184035,-10.074980034324104,-8.859942133125502,10.22444603362626,-4.788165988790462,-7.058335376973453,-5.358669988736926,-4.275428901560981,-6.767677525201632,0.15593903885335636,3.6619806970538313,6.220858598362534,1.0467672725338037,-0.40387837117360537,4.311342417700235,-5.637979587370667,-8.265909011755664
-15.134910447949594,-12.873303761598391,3.9264435837240796,3.5533944051166033,7.207228923373684,-9.670912658884976,0.3312112292834752,3.88667478658001,6.346523940296931,-12.147021838965326,-8.83774453560125,-0.7160492866642614,-13.471610293237317,-8.195781780208208,0.1435464720642372,7.1463965018480415,-8.504513136685059,-10.66830758323304,2.185610509712771,4.171505125335756,-10.523840526250826,-5.142234178609746,-6.735152352252623,9.371072125228807,-7.3794937922222665,10.18319442539553,-4.923444172877065,-5.1880960629883255,-2.3702640161537794,3.489688569290654,-3.488236523277334,8.536475614330358,8.06026367823915,-15.374258762576936,5.256780756695442,-8.356544651927807,2.2744651000405764,9.071259839376332,-7.75254227352393,-6.520182141507469,-2.1957351716927045,-7.3979799794564,0.8961779646703782,-1.9798696292278892,2.678403063894329,-2.2833096570976377,-4.358243696201833,-5.267675619140845,-1.2570344214763667,-7.568918183397936,11.771213159666267,-14.249772099818962,6.515198869762388,2.6114608250929,-8.03991171818634,0.5235440147657062,-3.9785929096971193,8.306418293834408,-0.40282640040005613,3.544870559245865,-9.653616033661763,3.0541404516244564,1.4273690716781169,4.612862772842737,-16.487812000147347,-3.016682676821807,3.734237538650949,-10.231490020763816,-2.811764639044604,0.9929706092062465,-1.2231184791785712,6.675581601323788,-4.083870223771924,-8.26540114012856,5.23507050477535,1.6977121300616251,-2.6191773748595786,3.8166834902834035,-4.601985872951072,0.7993866238740337,1.3255170940755452,-5.861791240079688,-10.062900611998899,-3.6759985968807145,-10.093791749672949,-11.983492848400067,8.341987557621103,-3.8912802092319008,-3.739905843554979,-3.5743090156542063,-4.84974003517149,-8.41168828801925,0.9632584592718301,5.208169499533272,2.4901494667369124,0.6619033318666455,-2.4894533885563987,3.7631764759814406,-5.073363886032659,-8.562596324583158
-10.606394141502111,-9.483520791928811,5.345588845377187,6.979124337493166,8.014444897481793,-0.9323155896204103,1.0377266935279292,3.434691312315204,8.675694994107996,-10.350067467001402,-5.553660294995263,0.4011427348053317,-14.275387994412743,-6.563970440171586,0.8067093044289964,11.515280825384366,-5.8311555266244675,-13.68593026358266,1.612847242311997,9.613866286851525,-8.877750533076677,-1.2898752590561637,-5.549820361374831,6.740362201415094,-12.172464718613616,7.627629475214869,-5.8515385205060815,-5.248692344427745,-5.003684611539761,7.182227750634265,-4.386751810090899,6.969772470753063,11.218297444250773,-16.803064098831285,2.6069371237146006,-11.746731018397057,2.9598854616911714,6.188887614857645,-8.380224205578124,-6.55428874719457,-4.110644730221701,-9.795263309614711,4.277280985319274,-8.548278789291071,7.59393600831791,-3.184404480978428,-0.749267159887326,-10.308348959446535,-4.7701755225620275,-7.673423429476892,15.559299952864976,-12.66551146689789,11.237537214070171,3.1511838581734115,-8.895617060620197,0.6764963006256357,-5.789661857115186,5.441529588293724,-1.2425932931250954,3.665511931740138,-8.717713972427145,3.87103957138189,0.6590851067086357,7.140273689313846,-16.75050155598783,-0.3541234548515667,0.5263642383252916,-11.739808408931081,-3.2686403985628902,4.982612344999912,-2.635686595872963,9.703613575928014,-5.970270457687175,-3.601851838072732,4.040421724488364,-0.24820956995568633,2.3397971428031124,2.882863234387395,-3.181769602175679,1.7747369181294728,1.7087311480317373,-10.834064272958594,-7.219600938960214,0.32749041342147045,-10.190982553251125,-12.343047348671881,7.015338986900922,-2.9841829801836144,-0.16445520967290506,-1.4569213448127623,-4.67070647604596,-9.19167424821738,0.9507327962229939,7.952309406061033,-3.032611672815059,0.5584128327035283,-3.3321781050510597,2.8979475801738688,-4.08131251122585,-6.993011318260105
-5.003162136103491,-7.043036485026329,5.877624618389315,11.017743974716758,6.509200574021365,6.822414433229463,3.0976811836151534,3.3426631303928236,10.050734664277764,-8.421833335315622,-1.4261393218990794,0.5312926325001741,-12.801830859304385,-3.491128663086815,3.3379330328608727,13.92102871774708,-2.8015888636246418,-13.319615057071884,1.4965273025065338,12.64579264174001,-8.430742095941305,0.8048722930556709,-3.278084617501614,3.1922089617451705,-13.96333749277092,3.26531001270783,-7.064711828306404,-5.24428544405116,-5.808411010775611,8.96568731967827,-3.75464970457183,6.735174759403732,8.565512650609794,-14.602458142824581,1.3219369774325167,-15.77158529277923,4.556057892161525,1.2977287994154032,-8.769830087051067,-2.8980978663898465,-5.399401504878397,-11.538266029524774,7.920651463500971,-15.970064452023514,10.031965386141573,-3.568211275019805,4.178377859389691,-13.781282781066409,-6.661032240920263,-7.482372166066228,16.65430145095391,-10.364724226121403,15.763319594453435,5.154614976924666,-9.367287962408808,2.0543013017570475,-5.579923609536134,1.8876881452058751,-1.8981718820337474,3.473385018247586,-7.5888262676258424,0.2782372395378214,-0.5389336988722417,7.735626332384122,-13.83106113569841,2.066345291148126,-2.973104630084449,-10.386216089587192,-4.142182625971719,6.463814912785235,-5.341752974836255,10.047060707649768,-6.794307329377847,1.7014991162065964,2.096694704202615,-1.2634156140997685,8.809743293170872,1.6054912702956337,-0.88546867297122,1.2659885127258648,1.6648627648957692,-15.751478484345425,-3.539972523013252,3.731834974612644,-10.052726398586014,-9.873711394157906,7.184126308542226,-2.5969487355776693,1.8896731171350298,0.3840756832249498,-3.1664985246343518,-8.749740079306708,-0.7248471635517642,10.451403460096033,-8.398440115627142,0.5387877161218122,-2.2735317673488744,2.160440192239441,-3.9216990355514136,-2.7981172717888887
-1.29545737925302,-5.958533724408564,5.789074016443237,12.916708392722441,3.9626512499126334,11.278926502357555,3.635467282317337,3.7592777792554717,9.72278491739479,-7.200253297750906,1.8503475506847966,-0.7569105533453895,-10.667769304714206,-0.2167683622918394,6.636021918389684,13.638372822801287,-0.18184120560810868,-10.190538839125157,1.7991850327253203,12.91943465224454,-10.067436627500845,0.8879944652689673,-0.13027330335742393,0.17290777376239208,-12.997005247047843,-2.17849801779603,-8.095956343167305,-5.610169875756498,-4.064855827416805,7.200650287026211,-1.052500054412192,7.749610740367583,2.6262057167919806,-10.161148713334075,1.0512332386200862,-17.57556055223617,5.929009718618763,-4.457516044022296,-8.853478785432054,1.7999364028419547,-5.497506336793222,-11.707078122440292,11.010055866031694,-20.469339410674937,8.702373707587107,-2.449136947454592,9.025148011868763,-14.154885140750919,-7.004688322060187,-5.5371915773237,15.379029490672197,-7.75234207000558,19.099474426948706,7.353808695632196,-8.857975267479453,2.5860714485854412,-3.6875657802511492,-2.1350824317328767,-1.7436336141218867,4.289492226156213,-7.206891201036119,-5.424648727812784,-3.5753464255981324,6.812504833790035,-9.922443146168252,3.4114718515235922,-5.419952795638843,-7.091912487184796,-4.088207062528154,4.501454898384689,-7.673537003583561,8.125310750195386,-5.853067505982035,4.574726358837296,-0.8704640394137577,-0.3173779303049362,14.693467471970788,-0.13360634599475762,1.8019085051064887,-0.19616089119810098,0.2588901896410576,-18.49250046147896,1.0518866923780168,5.697378495022245,-8.607216102501067,-5.99922637710946,8.966650680817978,-2.0460152724922733,1.7936035746021415,1.0616758030849225,-0.6065140625856023,-7.8183837194023456,-3.651062016633359,11.267768638823041,-11.468421582450194,0.2391201904185593,0.2645479100565429,1.780346005553797,-4.87403558742554,3.562700624040396
-1.2482745582143604,-5.3470648495311845,5.161887022640696,11.521622209684535,2.0952192120615147,12.140246684390885,1.4093393030074393,4.422296070657146,8.235368615114993,-7.301229843954349,2.9923996252332663,-3.0396568802398867,-9.200063054970292,2.0502395302077865,8.890325667364422,11.290749710754042,1.940175533135629,-5.605295147433536,1.9065216707518509,10.990515929900742,-13.093272566127926,-1.210582894692351,3.894555748631877,-1.8545608890630398,-10.873705388779822,-7.666018679417244,-8.139713910327718,-5.244076545270374,-0.6222088442537991,2.1368256070439964,2.9247002348469184,8.980284173253049,-2.4245399603572775,-5.925631506507884,1.1506718842263686,-14.661658542799566,5.974834119507548,-8.913514968908954,-8.247851062476682,4.08886985259608,-4.85189419271978,-10.671764148990132,12.724081300711333,-18.538060577773997,4.766626370194214,-0.9852051543714175,12.310809138561067,-10.825801068849849,-6.907348956258757,-1.8502336385306162,12.742136109897393,-4.968060379654879,20.852787969053665,8.07127320024993,-7.257988184599258,1.1477386101512854,-0.8517777518722184,-5.440607773816293,-0.10871983835992671,6.55001882900938,-7.35135440896766,-9.892301771496712,-8.567002574865308,5.440976457084144,-7.335407539074839,3.2935167425516085,-6.537886365875673,-3.050522094676194,-1.2639055732094617,0.7976911345545721,-7.804198366961412,5.2623061796834225,-3.4008934114945335,3.45911044037654,-4.738018522952398,2.1745668820441817,18.190168607994977,-1.9480273280716505,3.543181799987483,-1.6217643827849892,-1.828996540900727,-17.863116572969897,5.588150131185032,5.9687880581142725,-5.540426976348979,-2.8303678158964938,11.442106136626267,-0.3913247441732213,0.26797503378210674,0.1113991517427051,2.050269067527293,-7.500043448305531,-6.376073813409249,9.924053955687677,-11.403543487209232,-0.06601143403303211,2.855382390034585,1.8606869395968,-6.489064703248668,10.137823899864133
-3.835705379470265,-4.124319085239516,3.73062091345572,8.519963416555395,1.7175775334476606,10.591866791012128,-2.2139653395168084,5.21927284593213,6.811399161560626,-8.56992851708209,2.3050416545261934,-4.995653053901093,-8.804494631450552,3.1274626102423295,9.427223610887859,8.145994369126534,4.006011217812223,-1.1993488043936331,0.941483136393052,7.771556272828843,-15.467873925184476,-5.0351050707427225,8.83911465702104,-3.5923235557731,-9.08712257339053,-11.78376085453372,-6.905376609637802,-3.130546944402315,2.9564230138135263,-3.945299201931411,6.553714938951245,9.230858952122771,-4.370530123373874,-3.5591839963349283,0.9936430430792287,-7.412006804848362,4.537179729163518,-10.281831194281304,-6.559029031784272,1.9072562391021823,-4.125956008947442,-9.710074146569612,12.540617116996302,-10.529192886743058,0.3534786484727158,-1.0774136264792253,13.81390509040697,-4.61363366847697,-7.3975786041473715,2.1088700620128424,9.630111819824087,-2.347279761171869,21.175271000808035,6.581178085450053,-4.925542693019483,-1.810410289195115,2.135096017286689,-6.904373699137471,2.7518389508178465,9.35791302872224,-7.057605901631866,-10.991728644625901,-13.550816669707341,5.000821992021298,-6.742882653964163,1.9389612583313056,-6.663044731929437,0.8808327057852239,4.209419059371634,-2.2677573211583573,-5.492401810860942,3.280601935698283,-0.8616839441324444,-0.611595868837544,-8.526467675284678,4.2474219240043745,18.743354859950667,-3.275758479457692,3.4085789470183263,-1.9722679884102754,-3.09464550151071,-14.408666435895569,8.521745564633719,5.049007552015009,-1.7475032967300472,-1.8147000065900594,13.018679742512616,2.1746806016645333,-1.325300819238238,-2.1657983806729564,3.9015633138678867,-7.779774365129805,-7.680816260818904,6.973993806989352,-8.907280095368163,0.2588206117657439,3.8192240994559308,2.425771404897303,-8.374863905803833,14.795353424343709
-5.944564086054805,-1.9224037150909132,1.377754671288137,6.759224247164975,2.1776714343881918,8.507530028168455,-4.941557568685371,6.199301695916203,6.34568144368671,-10.126095207850007,1.1377519031531742,-5.258965999565265,-9.057477426152637,3.596378389710474,9.223679556160247,5.049978955961595,6.619623136565933,1.6734248938807146,-1.006268055447681,4.022682656273087,-15.385450197926877,-9.249332327253667,14.165626205296903,-6.013196142592871,-8.192054604028545,-13.27637941736559,-5.0355319183720635,-0.05724470690797867,5.578514115748042,-8.406085146059366,8.287629138737676,7.950138718175552,-4.504194949795218,-2.9506731257152077,0.47697887728103794,0.554392565724589,2.3935396494830448,-8.447063628037608,-4.0293319286989675,-3.9176479940637563,-3.531459831201863,-9.996391939938125,11.046597177337102,-0.3551293756098669,-3.090037709983674,-2.732236066506027,14.247040263629717,2.5062718697153565,-8.611810648538704,4.551775420434045,6.487334671096383,-0.4245559751714234,20.353370579483343,3.3759632451553987,-2.252431778162833,-4.994024127303368,4.538002001366357,-6.28415981281069,5.272795535092279,11.16473387458416,-5.916043189053728,-8.60143778697826,-15.670936302177443,6.088685122971427,-6.805955270705924,0.25415443513257874,-6.015626429268782,4.024095275642951,9.433569811634483,-3.263621649088772,-2.3737258031928032,3.372833455805905,-0.07149896965951541,-4.48435520857798,-10.966054653027191,3.8417861493665795,17.232577979325853,-3.7745544663286745,1.505969817042375,-0.6226338214960684,-2.461546375740369,-10.038352874632949,8.636106445044412,3.7771949313979087,1.2929062939587004,-2.9016706852312586,12.580076961661682,4.095453989287911,-1.7095279415433298,-4.820588966857814,4.775608172986396,-7.361593937275706,-7.790259094560727,3.3157224651469974,-5.363270104248781,1.0256123444708094,2.276504386134061,3.409822095441938,-10.34208835852974,16.48899622528463
-5.127783718462665,0.6308898507826899,-1.296154893679577,7.67545605610198,2.382935865546127,7.404279056703033,-5.524560240349734,7.693203112914043,6.978648758519428,-10.968782320314665,0.4485946140056325,-3.457678541716224,-9.05449222320147,3.9486190412366686,9.520202712914287,2.3338991986943305,9.890486315245493,2.4335801625635036,-2.4533002219269022,0.2603432006678621,-12.587518323614256,-12.1121873970475,18.46074579431917,-9.004621829819575,-7.6725188685476,-12.08396219179925,-3.302434563731825,1.9118006377315382,6.5424510983772715,-9.53193008335024,7.350032775547982,5.406952169903942,-5.2996327248335735,-2.811596212809056,-0.05068590004226259,4.927976159542974,0.5461615429118467,-4.9951020587015975,-1.704304314391523,-10.174043543150837,-3.1947210607928698,-11.723416153095425,9.364948569459209,7.718375226296288,-4.8264964352220305,-4.1755327932657815,14.170435370419206,8.356813612071454,-9.748614971581265,4.319094647160769,3.5159801886011537,0.6471442941000962,18.538604083122838,-0.4841489101058034,0.3349109724158268,-7.3859289208544325,5.871839949917859,-4.662575261760276,5.589876867170045,11.295799539029566,-4.216643236064116,-4.174436423770739,-13.505769802334735,7.681314208089835,-5.4825446316856405,-0.7240721167132672,-4.979082754077862,5.3867436729707965,11.095722907227572,-1.9556412967528225,-0.2182132634653936,4.958280492403947,-1.8212979512014873,-4.9951113785004955,-11.363317528575582,0.5341515906795087,15.153768533581255,-3.4848287101539146,-1.2577681651043922,2.2158515564083974,-0.1601908042121618,-6.836940873611717,5.867960613548492,2.928329697944405,2.3984564641265536,-4.821023784810283,10.078795490645462,3.673471337421626,-0.12847828348528534,-6.569263614269141,5.254888575970208,-5.3146268014735085,-7.908352314855954,-0.5264830811106505,-2.20973207565457,0.9698643888139835,-1.3660377265428858,4.632378437662631,-12.037415251880105,15.261660873701974
-1.4330104080490962,2.3869534997024746,-2.933030593929419,10.078602698954214,1.9470052659896935,7.8628986730606165,-4.226617359896682,9.961955017098756,7.780198821966654,-10.508465736275209,0.34672493434759977,-0.510854410600489,-7.9781108507016185,4.198929500462945,10.70750042833988,0.26574350614938946,12.717895007797956,1.5823655827981833,-1.8935092392267685,-2.7575034595521752,-8.292399689791816,-11.997880018795083,19.9897271094643,-11.199251989628117,-6.363514263172538,-9.643297587549288,-1.8352736996830097,1.6563620356041455,5.120053848076641,-6.945282577186852,4.318517091311293,2.510599907936075,-7.358094016950429,-1.9864250350591797,-0.2057673993592708,3.631135163873127,-0.7077297377508831,-2.2018784509507086,-0.4594615089693388,-13.620665097979902,-3.2671820266481846,-14.167688241361182,7.714596168149811,11.168992334181956,-4.132451169919829,-3.990972091591221,13.525661273648929,11.54335638754954,-9.3909393777345,1.6268263396399654,0.696598153035765,1.5524377334700503,15.782800765687183,-3.6378374351217966,2.311292403277452,-9.046855331817715,5.894560634889584,-4.143638301120609,2.9508223191325156,10.22178908529343,-2.419074786208122,0.3352577273724462,-8.298444458123658,8.020940315908467,-2.178707855659373,-0.6019738640143251,-4.328555216207638,4.372838157814826,8.32599537382776,0.5852610586207271,0.6191342550621453,6.056285120427559,-5.185269290878518,-1.2445500842886448,-9.888281384892698,-4.197971811173441,13.486644956008757,-2.8881625126222104,-3.909116944208474,5.751271094392902,2.3216623540482244,-5.792561487349221,1.5960389531177648,2.8585954041535686,1.438247718197156,-6.286016748711661,6.545360824853688,0.8738731194169037,3.373447761331674,-6.515435065453021,6.231735980883983,-1.9374696431836784,-8.365336660022386,-4.395148624392898,-0.4184878561041585,-0.8195879399694161,-5.915705893499134,5.63956643756128,-12.955940163919296,12.001589232285497
3.364064507413043,2.579473770035862,-2.3476226085255107,11.421923445978392,1.367513368913338,9.59851043747525,-1.9276021106659706,12.434460666569194,7.365586862194711,-8.818709268819413,0.8804125235709046,2.089368555389518,-5.660978362068222,3.9936939721657243,12.68069072628098,-0.862659671906023,13.238128650290108,0.5978738273240567,0.5072176856905259,-4.09364863358338,-4.198049975777235,-8.038329645408227,17.9626985084087,-11.333767982574127,-3.509427156165006,-7.821906745648849,-0.14627232178769178,0.3543318248985292,1.6709969735744057,-2.049241551569331,0.8758759846187696,0.371369307727095,-8.774963992697945,-0.3918849250461749,0.5249693979599563,-2.021338874508808,-1.7707737292100796,-1.753477186565626,0.03334873811573136,-13.202800266885392,-3.7453459134490394,-16.321240814227913,5.421617923158157,9.679234102485536,-0.6619429102208512,-2.139790506167432,11.794450176113886,12.119935403563334,-6.695875627039449,-1.8023641517203968,-2.034114481827758,3.496754447209537,12.490789916563747,-4.817200570475077,3.1786737840843733,-10.948196958378714,4.404613457435403,-5.99584261580562,-1.63757488107843,8.328405475585416,-1.0291140157435965,3.6852004821273505,-2.900748469899496,5.8243381417081235,1.5195023720423126,0.1938087642118128,-4.363757936571897,2.0406214987925537,2.9751730437870894,2.5607340022715155,1.1385824289731907,5.171834206647208,-8.538375338022114,5.04964569773609,-7.2244134006476,-8.415744513696058,12.496406402671695,-2.778501708994337,-6.059619971213751,8.884908838623653,3.5847222477961216,-6.252425411644544,-2.0164356444182205,3.264629664335684,-0.5135405534330291,-6.746701120757544,3.87341282585564,-2.1535698696705543,7.849783557510456,-4.987407718087348,8.100484942153615,1.9333836758564154,-8.157703756595048,-7.809110298300345,0.11604085340238535,-3.757867228324919,-10.580010522075284,6.018901129532269,-12.638313425350296,8.284722293811743
7.461897933336012,1.2729424797503026,0.499006174018908,10.181040529772236,1.448925705669043,11.533964998641839,0.6362926499898569,13.953396996356048,5.497021308575704,-6.348368638930221,2.7505040401177565,3.289789461781099,-2.7311363025064272,2.983369282224517,15.089488834021328,-0.8703637739342528,10.746560171487033,0.7630395003978963,3.184132415169654,-3.5395537332494835,-1.6477276304414317,-1.081474741019656,13.484406359620689,-9.30019850958145,0.6269722591006275,-7.284158550525135,2.1410008660460758,0.13426773672962833,-1.6479218125072135,2.6664530329547897,-1.699154025656994,-0.801728876744793,-6.938993151759952,1.0358064718541447,2.718154090511343,-8.188826198623714,-2.5994172080325115,-3.4469946661945285,1.0649336500209055,-10.29563738912157,-4.737572249358449,-17.385539149417163,2.207112332989577,5.038369265123429,4.639072445700117,0.6067916764324082,9.118638889188487,11.091488077576308,-2.70239887387646,-4.129988895314764,-4.334764123941461,7.320991957160079,9.738221103203724,-3.884516795779447,2.575913639551189,-13.72581328677379,1.5206575225288848,-9.07661352577156,-5.870695566319761,5.574364544796197,-0.13572118606751626,5.698123618634119,0.3688099893125578,0.9452577645230251,3.526903019430169,0.8811819127366306,-4.474364535208695,0.7039094474671015,-2.168388378106928,2.6998644931624356,2.5241204317689565,2.8552338418594814,-10.729938068919477,10.7603930059752,-4.338052590052907,-11.010822048741431,11.957864975582432,-3.9156247843629446,-7.4747808752080775,10.480501920084912,3.3552000149587706,-6.565386074821601,-3.3902522493631237,3.4556798810538596,-1.8005319256708077,-6.011574020980864,3.4614791124027393,-3.005224129846734,11.861581472751244,-3.2663995257591676,10.254181515876683,5.493825105930078,-6.256166685493319,-9.682965305697445,0.154526157204105,-6.302681090290533,-15.104903008431329,5.974338481807019,-10.981368291486032,5.878489440525998
9.937570289351774,-0.5732974193025082,4.458252208687755,6.59394541180167,2.422812446885789,12.36413248468442,2.7781312633148656,13.71922696207901,3.481242793856134,-3.4702239001016437,6.4374121468807495,2.777800450094596,0.10800421178047426,1.180651749058903,17.126026449284826,0.19498445857522667,6.592948601805023,1.8756456820667518,4.8759852056081465,-1.784513554748301,-0.9249525021349041,6.34698937415599,8.902008108156028,-5.876832815263131,5.211583146014181,-7.044985485620719,4.565574302286315,1.7032197954377293,-2.72338008513863,5.637382194024652,-3.63475638728558,-1.7272170264962288,-1.305233956182815,1.3130412944473742,6.1767158095829915,-11.060000476286747,-2.1456807721469593,-5.370078732543453,3.8465327553089352,-6.762468934612861,-6.221416991167059,-17.026223572352535,-1.0990889317139407,0.09273827672792678,9.569503566331097,3.235048329362316,6.7375074875320715,9.184355749478227,0.312750999943632,-4.745182211239216,-5.684781699656649,12.587506602764842,8.529331397854127,-2.3207509178568397,0.40870805507396657,-16.772519316033943,-1.8921314795324173,-10.865179753368032,-7.6317102514084345,2.3731327678066467,0.5842453665030041,6.717114899622919,1.1023284397157034,-5.129068893679004,3.499298455410335,0.8413834184804099,-3.9926396173482535,1.9923560860392588,-5.295309269815347,0.8677402869739804,4.61166195435583,1.0737897247596657,-11.263424763713157,12.955707003558098,-2.3608467664842543,-11.671693332085761,10.987871280422617,-6.364790393774207,-7.613553034464071,10.157946213932226,1.9510067056577491,-5.332884053227792,-2.5997120471209643,3.0599590380902466,-1.0005276383325155,-4.110788638598067,4.70437006360087,-1.2908190133305681,14.249472215010245,-2.312642045997167,11.58470807058608,8.087956781093071,-2.8782953417674957,-9.134796066089603,0.24215218886849876,-6.944285021984183,-18.595026530694188,6.068449002912028,-8.451191109071743,5.894194185893198
10.883272094351872,-1.6358226343554207,7.891908125820992,2.029842137495422,3.590302681316264,11.509124162992062,3.7306159345084255,12.081350090726914,2.701202840852939,-0.3311815337546893,10.919347223227392,0.6861921343969211,2.787983935944503,-0.6035962218631477,17.85084467612298,1.9525007268108556,2.723274770609062,2.4323385274643297,5.290922074046847,0.4170689931925162,-0.8682130173144427,11.75401538876112,5.719027489913731,-1.9547889849151705,9.437735166149313,-5.647381222555123,6.087137913335397,3.8923185647416254,-1.6341452365430598,7.121849891333411,-6.0136396387126165,-2.9660516035177116,5.344074462431948,0.3803139689037631,9.402429389138726,-8.995217951752077,0.5977118783302011,-5.876307922554507,8.652798715967974,-3.3390075442399505,-7.270037492627168,-15.332708792773982,-3.408902571376262,-3.148302012344062,11.726960049921177,4.931065994191625,5.3777365056962445,6.588598269032089,0.7208332675437781,-4.043639571447088,-5.727314815141311,17.239964757433675,8.520328960348122,-2.2564986481316653,-2.8857084239934925,-18.689146154860598,-4.487539080373794,-10.07936320499196,-6.44869958563592,-0.36496783532519217,0.9808613173440381,7.289353731858169,0.49767044055987997,-9.944183361321073,3.069226424833178,-0.21376993242288034,-2.8850304679938983,5.265735358189662,-6.293293376542442,-1.9387980262830284,5.965993851211214,1.233964599081518,-10.271112426493467,10.589265234580502,-2.0311210311880425,-10.503378984852414,8.335795792597283,-8.831927416712631,-6.174363318531059,8.510395271921158,-0.37861765445439666,-2.160526573385629,-1.1854772399776319,2.3269041277787954,2.5014225189709673,-1.7528112734450696,5.745413403401174,1.488587855148391,14.650384912769157,-2.0038332660842793,11.293672016531898,9.334693253961078,0.336066543017143,-6.651737235150477,0.6113346344445376,-5.088512459046899,-19.406968019850247,6.366313670136171,-5.643671803064169,7.928664023654596
10.911158620663683,-1.432633900857004,9.726513351122353,-1.804853246012093,3.7682582300637204,9.15478520273728,3.2806463387335207,10.67009730877462,3.170320803513839,3.030366756547248,13.969596922368394,-2.401998427493125,5.495452932366928,-1.0387622917777508,17.076969497100926,3.862637390656969,0.07246135723285754,1.0638896014930563,4.71510159190211,2.534930880831528,-0.14190063843513157,14.049280900481108,3.569203284829685,1.7582855177520078,12.483439706186985,-2.503995478850542,6.115189497225433,5.039047281456264,-0.20367502464562345,8.107265492358987,-9.182558944923777,-4.8594901337816445,9.098240026400616,-0.7140834929369335,10.380971645085005,-2.5719902932102072,5.083934218119044,-5.046652863984654,14.542134682678608,-0.2599801599206848,-6.645194409440316,-12.422299572624826,-4.62915956966428,-4.176937063446676,9.427542289433253,5.59327122686893,4.19493881265908,3.675917369555935,-1.5950533039229953,-2.4155001407816323,-4.1158795079104245,18.729206645305467,8.18834882634231,-4.68563647132783,-6.1946255712648854,-18.483811605926526,-5.398090456283728,-7.709369920272172,-3.6884277517708335,-2.125766199517523,0.5512106729542157,7.962887466134314,-0.1903212660493725,-11.988039107578496,3.9440404939998954,-2.139121589749595,-1.6468120263725412,8.126987334640024,-6.058592921997657,-3.9690734011004203,5.532102448911706,3.0380109546586493,-8.441376957830954,5.400093348582839,-3.2583411125015753,-7.896550535198509,3.528357205970849,-9.452395996301721,-3.712205666432497,6.289461499184295,-3.3444078484997384,2.2870248750215563,-0.6758216519345416,1.4756522641814396,7.524147901858676,-0.13362670178288338,5.520573784222384,3.5575532786372968,13.418842829510258,-1.5650686898619526,9.36521803055346,9.085359601040235,1.5714110153258565,-4.135311244761273,1.1416209601676104,-1.6782899106930547,-16.51564303767602,6.2507847157848655,-3.0026136472076375,10.111993526449716
10.4241973840908,-0.6851027361211781,10.057444363648829,-3.886748441462526,2.343938256800135,5.892075185013425,2.2301698785721995,11.173129733737097,3.7243969965814596,6.452413021827454,13.723775972196359,-5.361916589189813,8.087426207512252,0.3313001839484974,15.397188409459268,5.6706898063458,-1.4738455295848545,-2.4117288426992296,4.042353117327838,3.917844626869871,1.3288509181378445,13.550391318062303,1.266364030056721,4.517289198252549,13.343812253895877,1.8784142307471972,5.036327766709544,4.2920594616786385,0.21170551040544916,8.917231922745833,-11.957787065822242,-7.746964888898443,8.320174318426961,-0.7812702426197045,8.285146621689524,5.938284401937755,8.751537777901829,-4.220839263693751,19.981383132589503,1.7911703484025674,-4.395144681960681,-8.299369416032137,-5.291565132316014,-3.047319833143179,2.2771776950708897,5.322578744519772,1.6995194473384871,1.2343193635167906,-5.321026345088356,0.1569752963023947,-0.855633639235847,16.279303285070327,6.30971298041383,-8.271418418095987,-8.467899815270801,-16.26275770285098,-4.93027951003636,-5.584215090082084,-1.3294958912549841,-3.2352591709799254,-0.36853540320372824,8.919292393378285,-0.9040126201008871,-11.75207382372528,6.166076535554893,-4.172940699312493,-0.8141717386222532,8.596103238926446,-5.720999671584529,-3.8035773269722535,3.8024332059040207,4.835979645969823,-6.509303237030016,0.8774462952026669,-5.343264509635932,-4.521329118942029,-2.138684056550952,-7.800210163258923,-1.4271555522553627,3.7493722369490414,-6.4680657286520695,6.550196491716177,-1.018223015233247,0.1347404303278983,10.57700596993959,0.08014280826306441,4.118677744159343,4.025198424302487,10.991128004924875,-0.34853407708031825,6.6604673140654755,7.277558335555309,0.726906417164479,-3.5065852121987104,1.0592618825786502,1.3603767583633108,-10.516558791035528,5.15876675006327,-0.9835446091233861,10.215953176045513
9.583182821017196,-0.3785588514439857,9.532551032083393,-4.190428800726222,0.20528918792220807,2.7211781839732163,1.784067380810005,13.515931393809257,3.3255033024433196,9.597875067419613,10.25095142698121,-6.916751356612352,10.392293199763992,2.238110320873747,13.571774284255497,7.362933984774739,-2.302899350615788,-6.75289907864401,4.386867683272717,4.023053394255232,2.8590944401501712,11.638151555220219,-1.3954174170794644,5.574851884114442,11.47506930784718,6.428511695727177,3.5808778214939876,2.0419531443706713,-0.12771115693325297,8.88501061335283,-12.829669006167679,-11.1971852209329,4.60924616693544,0.24667099549610594,4.4600387103163275,13.248299509425802,8.688110669240226,-4.3496698697417795,23.82282166031788,1.9845236620806816,-1.9316533944031522,-3.2912156941754587,-5.605691445155187,-0.06035957278102644,-7.930498741829501,3.7941752811827776,-3.114429613757572,0.038999966918758955,-8.317430792940467,3.5028796999546463,2.918199691911008,11.642189881861906,2.7845795897155776,-10.309444842689194,-9.622061209928562,-12.95001181097725,-4.028069767538311,-4.867043211480953,-0.34794758704299766,-4.262140815160517,-0.3499487664265617,9.867004686667611,-2.5266305017403927,-10.912245623608559,8.201856123639043,-5.515056411083044,-0.5504490281879597,6.353180671516389,-6.128056452955426,-1.3815895580556292,2.3921029937147567,4.856009487451679,-4.7157589070581105,-0.4963257476376657,-7.18789334498064,-1.327647090844359,-6.206539779315121,-5.556014373911813,-0.5503956143368312,0.8420602692526618,-9.154975314666721,9.135998970008032,-0.8923026208942547,-2.052995202744312,8.257431450459876,-0.46163188120755594,1.887622858743447,3.332346762486758,7.502333923862759,1.7749011555393879,4.318814919045774,4.229911450540485,-0.2673356186245257,-5.344677840641672,-0.721144666082261,2.446319810114602,-3.338665023886822,2.9110973406923053,-0.08757351051073092,7.082910887231331
8.676981537627453,-1.0355901103175018,8.500552856508861,-2.996500649274547,-1.0605369482235834,0.5642348289217276,2.412661371529664,15.619220204359394,1.8497399870154378,12.050778064951034,5.907423999431298,-6.70021833950594,12.326311516898295,2.5970026383605016,12.151965300994299,8.714489784441689,-2.774930972585133,-10.052714406856062,5.782704525239579,2.8765086700377784,4.201424726543207,9.931636538898807,-3.1547832509308797,4.6503898734238245,7.7071280339199495,9.69686047045428,2.1528748728732587,-0.6932244769673501,-0.028782192728973838,7.029171704541956,-11.778477817736619,-13.978033535682844,1.2206004922239664,1.4585174334061843,1.148708381186096,17.28454145045911,4.38682635426664,-4.915966855423351,25.519867840438994,0.009365101646634955,-0.49286284639205924,1.9062836506681293,-5.6107487331739625,3.481311396204517,-17.180920006254517,0.8973405575844531,-9.87824164505546,0.3940406667569498,-9.179148522362546,6.461657183028248,5.4963730436597,7.127089094725253,-1.5702929533246843,-9.332693870575191,-10.042713261391052,-9.552476506866306,-3.277915844821625,-5.535124797944122,-0.18827873392262084,-5.21817079216009,1.8432113439307987,10.134841208106787,-5.338015060778158,-10.732878710307947,8.164514653997038,-6.3578099155449985,-0.6054484401592894,2.439224144145414,-7.216369475054451,1.9821583023058,2.2829442018500448,2.6703036630715737,-3.0841245915339908,0.8205874581755863,-7.511340866057028,0.9907808718957631,-6.9558196925891895,-4.694086430710131,-1.829286507855891,-2.359743677271175,-10.690921123728067,9.222363479570218,0.2949180779463906,-4.647720510435747,0.7055525597702106,-0.3442636433033148,-0.9655783738512853,2.670106188295549,3.2724595283802627,4.196376380745658,2.859498388600592,0.7481372371137534,0.6425519063856255,-8.839925397835911,-4.341376076652064,1.186170310423938,2.9403453194083706,-0.4010364460031344,-0.5097575105384897,1.5729569858145835
7.895030272056004,-2.518461364180745,6.8041384273329575,-0.7617653679081937,-1.1549094364328285,-0.34120754500452977,3.5926899943502133,15.449408835114497,-0.047808510676584426,13.385157219655493,3.3429743132180842,-6.029002126616736,13.492015559238732,0.24608051509844509,11.001323852068035,9.277831669871304,-3.1291848492726015,-10.969925768592296,6.960966522531112,1.14170068162759,5.652627334147604,9.039685580487777,-3.1805533424905654,1.921534883196699,4.006450068408817,10.121429812233984,0.9976507612660904,-3.3213496483556275,1.3186937159995837,3.084658976123963,-10.354373821119122,-15.151076117894911,0.7786522781717773,2.280967312058462,-0.7333780384113169,18.987441759131563,-1.5626203524830045,-4.666372511508068,24.898609824809018,-3.562716565690378,-0.1393332126731317,6.404530667247688,-5.472938180737198,5.422872002441386,-21.928707764105393,-2.6522791458341493,-16.57178362866788,1.747002317310124,-8.336953901079198,7.426339053901151,6.0357529680479765,3.5872881398345724,-5.607057823617873,-6.4801860723248215,-9.728401619343108,-6.498799087639984,-2.968260995801541,-6.238772670439366,0.16509184897212426,-5.67504944813298,6.030994824021283,9.28437226095893,-8.026822543463794,-11.097109160014675,5.331073237993412,-7.5625018337417504,-0.34427112981715013,-1.4123031328179603,-7.939322359413681,4.6073719715143024,2.9730617808251836,-0.3723052563734792,-1.9876853474447886,2.336887440482757,-5.830407807157071,2.457437890028838,-4.29956573503277,-5.249391397328602,-4.964542665627085,-5.448096834901491,-10.58000585665407,6.7197407694001745,1.3265975701973538,-6.487415404321302,-8.017293042736297,1.2347485306072805,-4.110595442538963,2.6689289097257762,-0.5652582355360498,5.476253401144033,2.1240650871666893,-2.315557414758702,3.57204649244081,-12.342329617271012,-8.222099498647747,-1.5639589567071526,7.122703289162196,-3.817403103230749,-1.3137570854599567,-3.9180306947232078
7.088832743604305,-3.978716251672529,4.375585814316715,1.3377628308351475,-1.2794501971269563,-0.3212395047431418,4.317588546087489,12.947025482807813,-1.4783450125539952,13.27831837870373,3.084801903774379,-6.649958822367027,13.288411003259748,-3.932504181002262,9.728188512605286,8.652266587403755,-3.2262205839430846,-9.427487335122283,6.477849114667448,-0.030393961899271182,7.1522226561350495,8.329799274343081,-2.985675636755021,-1.9970649479488156,1.924964794490196,7.231940527218321,0.3281537979950787,-5.6375109106889845,3.5143322838553392,-1.6281900898548525,-9.979228421376154,-14.589201034963343,3.5664090634044046,2.7630349394594638,-2.069096237864044,21.01128967420879,-5.889376639285289,-3.0908383796180954,21.96070673608534,-7.28706432919343,-0.10848034369552906,9.330119800262148,-5.335279223377299,4.017240205496585,-21.759250842604466,-5.542365840730197,-20.848597901921174,2.9367533328280677,-7.296823744515403,5.963144408163956,4.916767105444682,0.7130963962011798,-8.142642030339104,-4.3615347090621,-8.46784508133492,-3.566629798744072,-3.418667410355826,-5.2493364554986774,1.0385462785609696,-5.458321438301244,10.785395321955226,7.935753490159196,-8.687816741344832,-11.07509446909685,0.8839698912280385,-9.270437838578452,0.9237345650468458,-3.6188318799595662,-7.132401439163578,5.734049840834828,3.477978510449559,-2.578808765368608,-1.7958339631781834,2.0092230948359013,-3.3875601107475055,3.1395419309427153,0.6192235439952603,-5.5300216434866485,-8.598139092113609,-7.676948790906217,-9.183376404572568,2.253112445749972,0.3683845855751965,-6.5303148948227365,-13.138265215157181,3.8633636648058127,-6.7593882002087655,2.8528831440006437,-2.469192846773067,4.263720707743469,1.8677271664681232,-4.154294787713246,6.706699985134337,-14.080526709347842,-9.99161310646975,-4.0708195513102545,8.801166305009913,-5.549469949171,-0.6516514087590295,-7.282728408590681
6.04379993076059,-4.465589848963706,1.630270603058129,1.723467748785453,-2.3651999472070493,0.10399010315021595,3.62348741842688,9.713268297188886,-1.8548495227122421,11.707349755516399,3.595455289470882,-8.760809322119902,11.524290943355401,-7.358863694347387,7.882207874823865,6.5001542392654965,-3.0173848708667035,-6.626161923430258,3.7118871560465307,0.4539237980756692,7.947537393553058,6.842158438167478,-5.234863274845445,-5.513338685563671,1.0187291376402636,2.2537608893213106,0.21795634001602682,-6.846798059524144,5.340449662525225,-4.546006422889384,-10.334996901250683,-13.273417407054676,7.5576120222333785,2.709028932668666,-4.18633718665861,24.771675330194203,-7.581408001988919,-0.5166314652213879,16.85589890025299,-9.699519788850013,0.20321427980605122,10.451624606235065,-5.117650075692499,-1.2952664013991533,-18.667289979650263,-6.497436098631081,-21.659448555885408,3.227327875070103,-7.209399117548856,3.3142027910967506,3.1175809161755517,-1.631245492824763,-8.279886511951634,-4.9788019272466135,-6.392349774268173,-0.547595731827696,-4.5210925796162496,-2.434066695347311,2.2063255679077316,-4.848410947149146,14.49783365170362,7.235542083195668,-6.666935157431961,-10.203147295629996,-3.037525304400671,-10.773654719562362,3.2296553618714254,-3.8076334362330355,-4.65000812110824,5.848586190257634,3.1767298533620454,-3.609091785880504,-2.2009198843424933,-0.3067740166132853,-2.39197060872335,2.573402906576524,5.81040085110487,-4.30218414441987,-11.393742415805443,-8.229696464457156,-7.5341464368398725,-2.640441975217124,-3.060376559635856,-4.66068035169903,-12.658123946370175,6.1460686426985385,-7.925285672649232,2.638099043983627,-1.7394363431505329,0.7925742055476179,1.863291091417136,-4.140814923897582,7.909109393733757,-13.459496002226144,-8.40943087742356,-4.9448369491676765,8.216217275942693,-4.862103447009238,2.4924790260519973,-8.218829685211883
4.847427562945743,-3.4142791884711725,-1.2037061660295576,-0.42361645228292844,-4.170322062116017,0.5659805680758425,1.3857447639419274,7.438576710185547,-1.46570991176052,9.025874084630708,3.059993710067853,-10.940122220414636,8.695939825127198,-7.634194792033744,4.68785863221485,2.738476997782292,-3.124770747576678,-4.042452209629357,-0.7149600013248536,2.7371599755107443,7.278256467077204,4.290027973967022,-10.592427401328795,-6.496885931938418,-0.5868109679112995,-2.9193468302182044,0.7855383297411309,-5.891285039793311,5.852677071480969,-4.057767942565679,-9.747508644913246,-13.233709362052641,10.086670553890965,1.6640652011873152,-7.476815212438643,28.876837493080252,-8.094724423762882,2.621162323435547,10.296366324046948,-10.165442933126027,0.922808450986234,10.39043181126517,-4.6848080542084585,-9.730847372506368,-14.793071733703652,-4.906835515077427,-19.744725709180344,3.0269926824596,-8.033036177581298,1.1929309980886729,1.6051337690848184,-3.01711363274724,-6.1996379900263605,-8.423972445326822,-4.302780418167364,2.0732758124948814,-5.697666634365037,0.2988591402884575,3.3049422005378184,-4.162224191934575,16.01052701766165,7.346652785293717,-3.0194349177979234,-8.915889785520335,-4.935726093181617,-11.376828344124227,5.870804944848025,-3.1969397057560434,-1.9643596036365891,5.752179875558093,1.76873630053242,-4.357548330056153,-2.6750905038096975,-3.360397901016147,-3.8300435692243444,0.4858305570342838,8.97485221797845,-1.9427963028707531,-13.332363277146584,-6.806457111349506,-6.506632882672153,-5.674716490645388,-7.28342676422274,-1.5973722224965277,-8.04714578037067,6.633050418049271,-7.256057672221667,2.2419379388401395,0.8395499721987689,-3.142445443523661,1.470395235653984,-2.3507244323642493,6.282419549448669,-11.677127450480317,-4.5079546855842265,-4.351227411389397,6.545389837652879,-3.099779590543842,7.085394717872809,-8.0234380834099
4.148034256395322,-0.603184248052006,-4.463610437354969,-4.484425789120553,-5.7899856217108105,1.2262451298595756,-1.161767392349573,6.739014253637139,-1.6158994911519846,5.8717044609376705,0.9795312334878437,-11.747867854863294,5.913356413159823,-4.344022565287169,-0.06549181617828026,-1.8126511406274979,-3.9949989188962167,-2.0178533940640992,-5.1421990693176856,5.726957078698781,4.6792416661071,1.5773912721098056,-16.748832985959158,-4.096630371190095,-3.889105846230187,-6.896594616270803,1.8943724594707665,-2.9901636419742923,5.050221041338562,-1.2101493393678344,-7.29358747263302,-15.562989758276439,9.674928382876734,-0.3150262495540179,-10.787367804412364,30.368798181438617,-8.78280204487129,5.865128429580087,3.588067239894749,-8.663912443780918,1.9632182048807958,10.09264949336809,-4.216126032070621,-18.95027147059112,-11.245542182608588,-1.297955935600526,-17.04610097861466,3.4051514673155885,-8.591560141306951,0.39435619831381885,1.1177853766115804,-3.0302163313417467,-3.4005849713309093,-12.888200704922376,-3.2084585051073686,2.9534313512130934,-6.454371810257959,1.183043017129899,3.7153161622833966,-3.487341367585293,14.970655204533681,7.115034585071232,0.43778444409472916,-7.696623944899521,-4.788673971018095,-10.732483389166017,7.890539979842165,-3.4820969947177725,-1.4787603454650682,5.533938296994707,-0.41873636647048484,-5.488698638069945,-3.116647666891879,-6.05608845324366,-6.337289357920857,-2.5038870537991933,8.855766642422953,0.2092068791216466,-15.575724013125166,-4.375842695836562,-6.42756107875585,-5.076217201299421,-9.616278845738535,1.7495603273643336,-2.6563315482827248,5.096081246634751,-5.199001576340845,2.103700871332662,3.700070249172315,-5.746893732239363,-0.18856900478526528,0.40151006959003865,2.76243521557443,-10.214954806214367,-0.739453427648574,-3.6767716599989315,5.332472552477525,-1.9069421965456503,10.597703106249272,-8.054051355956295
4.83143372273776,3.5266744284422193,-8.001613599624882,-8.669437105180103,-6.173871062963237,2.2186838925020176,-2.522211684299652,7.165150542893437,-3.564216640316647,3.107811590254406,-1.614658230826472,-11.09552247128137,4.4074664257651825,0.7517509883991971,-5.529996168069765,-5.342604465054532,-4.693276818438039,0.31153202166928384,-7.686466217239466,7.978204991993252,0.21180546623692442,0.19253798935255984,-20.76262910644898,0.23631443232757654,-8.100129048271086,-9.079220047017635,2.658515991014622,0.33069280922561006,3.8644753229975524,1.4149505702386562,-3.898752105591705,-18.76263664344726,6.849702063872149,-2.4263581675838486,-11.845880970277394,27.460102947973596,-9.2506673797435,8.611813248510579,-2.131704427869603,-5.478324602875251,2.7981105762942904,10.252344935046198,-3.9540718392708367,-25.446780548699827,-8.247545868160941,2.9905808523264916,-15.066127755967058,4.774916830668617,-7.446336430065708,0.8039482327748919,2.1133333713561955,-2.0134292755914607,-1.8169865697332055,-15.63310049173355,-3.2737784679032087,0.7673185493938766,-6.536975326137608,0.668523200022173,2.7711661394044924,-2.703517968963333,12.371346229264361,5.347881984077253,2.576446312791068,-6.348553241496573,-3.4609810068479834,-8.933495578927214,8.56536956576885,-5.268355686676641,-4.726771163633446,4.495098779046828,-2.162232618722465,-6.820940467940593,-3.349716237438331,-8.455341544104316,-7.580432973400784,-5.3552928152655825,6.316464674359919,1.1648332476622283,-18.723168024450267,-2.956003974172347,-7.153597983202986,-1.1674512116584932,-8.637214921950589,4.339582407130764,0.2009887382510347,2.912104129937043,-2.170969736124076,1.9454812728242075,5.48214410085367,-6.1483204369851485,-3.0628197796666923,3.0372364378840766,-0.772079299721182,-9.057104299304498,1.0009006369714868,-4.132912534797811,5.153551313597515,-1.2382568514081052,11.16749273608461,-8.475435211842656
7.383609311888109,7.571527396546367,-10.732707822644228,-10.925057692710157,-4.706476200722203,2.6722003765479947,-2.730809701907907,7.95008737793647,-7.196094762229558,1.636077438846362,-3.505726710553545,-10.00663817825711,4.588805799518399,4.94852483128834,-10.350916747502936,-6.204327348489593,-3.643356707601086,3.7046319830319456,-7.253937341118021,8.686429545241879,-4.976960000465926,1.0096813549365773,-21.62943620063225,3.9385295385235395,-11.610830697558635,-9.565629493287151,1.9899082045985694,2.7575291641378383,3.2949589532811134,2.0012978669940322,-1.082776947121305,-20.42571776935852,3.537962112726343,-3.506694612844856,-9.33831396448296,21.06583017919133,-8.554908138283249,10.473425288922313,-6.514541002177866,-1.2111925643041266,2.4653032162705824,10.773435131686147,-3.548406790726175,-26.452698740150822,-5.623110963102157,6.806654807088744,-13.420881636202997,6.317640024479021,-4.043006592671627,1.894198084919449,4.489039098497313,-0.9960069799376394,-2.6606692435502213,-14.326568271348037,-3.6241078817692096,-4.069813208683564,-5.969447586292989,0.8425621729047186,0.5279348474589185,-1.624014467831935,10.194068187190089,2.179079032573704,4.016714472468841,-4.455255188885924,-1.7772832339668847,-6.730135792865501,7.977331310306945,-7.915535895528139,-10.650079736070428,1.715323870224385,-2.2077683043884866,-8.048269763018986,-2.6472802200553844,-11.217188540777023,-6.478790795385209,-7.205474834522595,3.5029424875177098,1.0313659456451147,-21.50336922295292,-3.9413085499430114,-8.349907131655996,3.558796553528282,-5.2633840786444175,4.9315796529171365,-0.6026255553807385,1.8939211517403667,1.6424977039384296,0.9041940762015058,5.571985427734432,-4.367379380079223,-5.620120373233348,4.898754598863138,-3.0028619502274423,-7.174346500485478,0.5114300232222693,-5.6437887685829855,5.177615103864703,-0.1804921230189207,9.182376279672425,-8.32007842011042
11.558890998621909,9.834713622290511,-11.942828840769193,-10.179893604173873,-1.5946785821108809,1.389310249736085,-3.0673703958740473,8.218319935354463,-10.992786930955539,1.8908425439793635,-4.3231629535111615,-9.108761800273252,5.721949960830291,6.134605980877581,-13.562761378011128,-4.554087721430571,-0.42361914811131174,7.631882939272565,-4.3253837213674915,7.6714754158155145,-9.026321342286936,3.567379343539025,-20.350262111143152,5.1958756077939885,-12.912763856126556,-8.864404394367781,-0.3628406778014797,4.300478009972839,3.190478212969822,0.5480719202090616,0.7900433159281137,-19.865364321524062,1.500636583559187,-2.810153141004016,-4.725487639630351,14.088110941135,-6.839145748197662,11.464638809563777,-9.799942485691203,3.5456369996865345,0.8240142774634762,10.833511722787582,-2.1626786794943844,-21.81343539427464,-3.1849016222895887,9.452539214323505,-10.755344915383642,6.86792874133034,0.5652892017158306,2.7876695576807,7.365842136486598,-0.6511724997345785,-5.70671850732699,-8.539323207954615,-3.1232101366157003,-9.06601034000264,-5.0390893174798315,3.1441552353970925,-2.056453025038163,-0.16322379836265588,9.771472793235187,-0.98565951565626,6.191584877122843,-2.1773396444260382,-0.3157018339274107,-5.053306241002404,6.926958912245974,-10.531803041159778,-15.246044892009564,-3.185924282302092,-0.4931442421542871,-9.161739732896073,-0.23399359735589753,-14.18319459895181,-3.9538624884169513,-7.555812028718652,1.9367076326809423,0.6499492263404938,-21.539047794318915,-6.728062654871537,-9.786020978736003,6.369374742096517,-1.6189723272525165,2.962744498310249,-3.008095720192535,2.7536497899708907,5.69336180204342,-1.6145787515883563,4.463004098098371,-1.5192673621907775,-6.013654596012136,6.064136516976174,-3.7486846075178275,-4.342049567933999,-0.8734215008753179,-6.8587442452930985,4.3290079555228465,1.130455518895781,6.612742778554503,-6.572234167510061
16.099380253215116,9.432578387251288,-12.225089659847379,-6.933615475769351,2.462903241441117,-1.769713958778489,-4.076664508731017,7.286370859228716,-13.195511868995379,3.3838102018019263,-4.002546308225976,-7.849524209160454,6.59298804963069,3.8417228684010944,-15.26968310037393,-2.411888402766188,3.7648410940271617,10.430698524386882,-0.9469961796678511,5.029604699087455,-10.520168943029129,6.376582978509772,-18.234651545800205,3.5768013549475635,-11.251268981383049,-7.381038912984669,-3.4241482372751495,5.973832528346142,2.0950163539672877,-1.6963148044145733,2.5597988870717074,-18.450434631202217,1.1584738525140208,-0.719229038141145,-1.0509547347643395,9.23814657593835,-5.109343783836167,11.4657713631349,-12.072972954806579,8.133867791330808,-0.816597883526075,9.956573194840663,0.2281554997538447,-13.826712148102118,-0.9679158470939768,10.531830895496688,-7.038192373884584,5.974928305121761,4.371786521575152,2.7025662521454565,9.508230744524258,-0.5476614110650122,-9.515424082602946,-0.5589539973840139,-1.2243739570472996,-11.313417674988077,-3.786632087243149,6.698232487771284,-3.762995746964392,1.4869511827407478,10.494325274744952,-2.7167678880277757,9.111170153233546,-0.1600370880832651,0.5723460592250211,-4.097169043448336,5.866714567054858,-12.266584756398595,-14.129206841704516,-9.17125458506496,1.8557274980464815,-9.866320573027611,3.656990406566557,-15.612653430968182,-1.8048905182035369,-6.309162034617781,1.61449372625454,0.894275257619904,-17.368982747250264,-9.257886719851626,-11.074177606000303,6.2094660918354165,1.1693856658781883,-0.7187609775470458,-3.848647370276864,4.727562252913022,8.910144424157206,-5.138725764136349,3.1531339294591536,0.7573144440899475,-4.03670249092114,6.990436082768418,-3.404486867208517,-1.6471565768142757,-1.2950458453801863,-6.147238137250659,2.666892285113657,1.7691307159362901,5.440154773254339,-3.3012814983761167
18.918465347345528,6.748338608642643,-12.654189674228887,-2.7829837439928746,6.469759142891776,-5.852682929232678,-5.000359783322227,5.103339043801926,-13.013947173704771,4.738156274326084,-2.313282482287951,-5.339257452859232,6.216819190730334,-0.7625574185306833,-16.062199732432383,-1.9509056967880696,7.259867896780618,10.49915580105149,0.7892699306943622,1.4886697509827687,-9.483930350473713,7.813353620982929,-15.72033890591161,-0.14543475878758982,-7.318880452436281,-5.506644798614808,-5.508935651466095,8.27652996835251,-1.2186806322610688,-3.327786307245513,4.909473662234043,-17.713080548142305,1.8572021090931314,1.5156599838473785,-0.07847716343192326,7.123492986586085,-4.069813252770169,9.855372017495103,-12.876802127552233,11.30491815606075,-1.012724075359718,8.600407327304772,2.149107857261029,-5.590326626148764,0.8613828648272381,10.284963292639915,-4.167903304038723,3.795170010850443,6.307987818049522,1.8249560059369265,10.116422551975546,0.15377922231333319,-12.341378992201417,5.889029901503898,1.5928507147701225,-9.14499445179343,-1.931287620688222,9.028556272904861,-3.933515894161739,2.955225807819547,10.43979189391317,-2.5189111902650225,11.145166865265635,1.1136180732507661,0.8884827893271455,-3.3605561732991474,4.610712785144035,-12.192157587993247,-6.727444891994209,-13.767308452812477,3.9451166219768954,-9.257793223849967,7.4189466265985295,-13.39501472674232,-1.2500463190760078,-3.5369345265400822,1.5381148747472708,2.008575947721484,-10.046446533618255,-9.802516473199772,-11.324693371262939,4.073914826697432,3.8153360788867676,-4.35407576187527,-1.796076103424137,6.378868291785742,10.285533008159621,-8.108928780297658,1.73772392738769,1.8174698609410047,-1.6953552665043072,8.207618170316737,-2.467505580654847,-0.24325617288280643,0.286368678839549,-2.9333191615139125,1.1693550297275062,1.3247909279830754,6.19860710613171,0.10407107131071114
18.218625431363076,2.9328132075951308,-13.313929144765106,0.3153925270666361,9.080918005276946,-9.653091770296612,-5.311404214254365,1.8845208429548546,-10.710254416986068,4.296039913865973,0.5239272799009385,-1.3680836999297226,4.364206339550382,-5.813660898360468,-15.997592780641414,-4.069102890715108,9.181338450958302,7.557811298334632,0.6208698939789657,-1.478606085691819,-7.371245368290736,6.909678819300254,-12.656915600251116,-4.135119609470699,-2.797572478814278,-4.162742736531836,-5.192147938041746,10.130582452011737,-6.18140173233267,-3.49900791829221,7.6006297507720415,-17.34781091171884,2.705837046738397,2.7371419074255274,-1.0961866924793338,6.412874298490061,-3.5848215845349034,6.091929903638945,-11.876653194089952,11.94056371195483,0.5154694906376558,7.543694520020488,2.050827620827233,0.5761905100121947,2.4886763425588523,9.497011885595274,-3.7265626857635676,0.6409152138024892,6.826856326560459,1.1849578057440773,9.040431790279065,1.3776522553029877,-12.861505891652023,8.247336500293098,4.1980806075274435,-3.3410625211334137,0.2878492710100855,8.572261216581598,-2.726550283202353,3.9317402587070998,8.221688288925998,-0.9948805243767684,11.139724315500798,1.713936478384805,0.8799576807524099,-2.688225538495019,2.7278080639870415,-10.008851359813722,2.62545429951925,-14.850884160518623,5.625038286180834,-6.542657287860026,9.07726310660501,-7.26658098863427,-2.174977307473221,0.5581479251112875,1.0928336396516412,3.210996349833642,-2.652121795959486,-8.32866104750013,-9.414823548981994,1.9217095742351251,7.413978598678797,-6.329628429842163,2.1166579393785154,6.6516638821784175,9.50259246046084,-8.92674996204302,-0.46307771716246204,2.3144175046570292,-1.1485148158761573,9.98588804945729,-1.7350094316042919,-0.17845088429701672,3.350227014592292,1.6022198737832891,0.5000881846074551,-0.25304893454414956,7.3566934706721705,1.8280256503000558
13.612222076632278,-1.0659724473529872,-13.318530350738234,0.7741798433868209,9.126204569380482,-12.26480771175061,-5.976149804534626,-2.346243489277084,-6.769443142600561,1.380675951379604,3.419287100304433,3.286788390603067,1.7730020299722096,-9.387342413621665,-14.827463132908782,-8.306321087931444,9.61272076063869,3.056745495738326,-0.09870611323971182,-2.4604757083829396,-5.5194081975962535,4.0175274738896025,-9.129450717000042,-6.492397067962914,0.8503578221676258,-4.3995202025538855,-2.434478823546976,9.624896379128877,-10.796196611797084,-2.0953916658162584,9.987632975774956,-15.663204528095905,2.7933430814710043,2.3435168243212847,-2.5291106723649563,5.190443998320459,-3.1518067987222667,0.4903451364421869,-9.686528843878072,10.125971255522291,2.8351273263508183,7.110885107930827,0.040096001966037215,3.804906288513563,4.663823737900916,8.801239501692542,-4.8410410601979725,-2.959591948208172,6.578367436900498,1.0931015208004748,6.407950663147684,1.9458961158093029,-10.613448110785754,6.510189136904405,5.952887276383736,2.936877761371636,2.108833991715218,5.862998269995138,-0.6941987080568602,4.231609370789936,4.065687098520459,0.3507183017658677,9.748735932572847,2.2945428056362225,0.8767377847358593,-2.5762865270568223,-0.23711111248307626,-6.7253760101898505,8.410821497326442,-12.295160879589396,6.46589344912779,-2.0593687564605103,7.744771594383711,0.6139295638308662,-3.285072306195187,5.271887539761991,0.6551802513713536,3.404245255721892,2.546951423122291,-6.320264403828396,-5.07636315232816,0.9336500059925833,11.731891514721179,-6.026303612873044,6.025834329912143,5.332654536400275,6.686612097750679,-7.256849461466797,-3.352730850607828,3.0538833686698754,-2.257000364969404,12.082575995851766,-2.168846846470639,-0.5525059449842518,6.382623387024836,5.267512903018544,0.7159627747518291,-3.2320100332654267,6.909832162637897,0.8384633423583905
6.537224783268882,-5.200169523834528,-12.165441980958706,-1.572198188815857,6.562894682173301,-13.545360001839699,-8.792091403570808,-7.31299195675895,-1.9986752698782952,-2.7439040374359878,5.149831006461529,7.0936433133189265,-0.4520243394852339,-10.016241131889364,-12.821762839086817,-13.34503615634475,9.110338087733084,-0.7612710964570288,-0.31976565572101767,-0.9045092607085219,-3.8561293128422567,0.4849315818040463,-5.757246588170263,-6.888890052823363,2.8132125808505513,-6.26855068670503,1.2933149294311175,5.823618874399082,-13.373724834716242,0.26740808480873385,11.72753842173877,-11.912582649913851,1.238270293014415,0.2913039553490906,-3.9471199220849162,1.8442024057273487,-2.706233378058245,-5.5236381696580334,-7.549166352520833,6.795220727786135,4.536276559172702,7.072797678395885,-2.6490057276325976,4.263590838406113,7.806946531483515,8.203194580072072,-5.21762465398518,-6.384673862678929,5.623115039490724,0.5922807968478297,2.6305578714053572,0.9114636425442602,-6.317724599411772,2.475913206141641,7.062481504355366,6.553976169518175,2.973627218600281,2.313155167962508,1.5955815231319432,3.727443123012999,-0.6285441793838098,-0.11179824246745529,8.49960761873406,3.5817962159952,1.3314800261015862,-2.9590877994031524,-3.9313725250655738,-3.803426416675676,8.361632979709674,-7.908478202499034,5.395272371694057,2.412610822884223,4.1320033174202155,7.056776288057074,-3.2472399580461078,9.201807483950862,0.7983241647184243,2.4326467442987125,6.120428724880808,-5.0848494183964075,0.44669698629698784,0.6933325757335234,15.303542862169406,-4.06820555860978,8.640410579037214,3.1390867005192704,2.350556075054219,-4.297979166429622,-5.798521500891302,4.045002788840834,-2.9465505928101585,14.1370550227379,-3.9851744911861284,-0.3106264029926433,8.258735127820547,6.472692404474741,1.5922089289007622,-7.395125491038451,4.706378098928705,-2.3691256153832088
-0.2790828783712547,-9.97716684249152,-10.420370478866335,-5.008719941722621,2.8843782225861725,-14.245577417316655,-14.420299825622024,-11.997142136055523,1.9007155710961166,-5.449822261708649,5.292073019683157,8.74887145865239,-1.767308779849182,-7.86674072535488,-11.166702491529138,-17.41794294330064,8.334242962732727,-2.195471798904282,-0.25567904016845905,2.56830827470324,-1.4336205250508676,-2.811002983330204,-3.3617227538057852,-6.456549818145124,2.6639068898177136,-8.662879058710132,4.379398331327481,-0.11018823551443957,-13.507252069264611,2.641232589911698,12.770825324643395,-7.040369302385093,-2.1606469173990783,-2.8946771934111792,-5.727707384168357,-4.0221085948254665,-2.6974916289336277,-9.89759015058091,-6.202100140723014,3.118144806968822,4.805377742240016,7.0239674623814725,-5.127825212204222,2.543464605990051,11.216749475435117,6.949972673409814,-3.80652519097273,-9.113990967907982,4.080928693774574,-0.8783356328951542,-1.2365149817238406,-1.14744332641258,-1.8147120268249528,-1.5785868168085782,7.703780954023493,6.8764251140797805,2.7538875692891707,-0.7786569120560105,3.4914084039225033,2.3384920474785194,-4.266060892215537,-2.709629234125293,8.130345878010951,5.458109006307884,2.764918853282496,-2.521222430299473,-6.567143030410977,-1.7782198580982782,4.384507003708339,-4.369753604455706,1.7755003957824258,4.638834741105197,-0.08282929955938967,9.852114775706811,-1.844677041570945,10.843352427748068,1.240675712696099,1.358274008861366,10.230006588688624,-4.52922708459366,5.1418167267230865,0.1340100243502682,16.69538991190769,-1.5757159780735879,9.334416212404895,1.3193055178970918,-2.170658490059478,-1.6525281395751172,-6.853891515778968,4.715055167532106,-1.7257135717286438,15.719162701436192,-6.259598909038369,1.0444958856435829,9.095287448071014,5.225212814304742,2.4423133992132295,-11.135406468710084,2.574602259658003,-6.099770412825759
-4.585286633798907,-14.782086814539072,-8.968138231023056,-7.4982050175004895,0.20333286463772204,-15.19148771332668,-20.87787690743816,-15.138858826777849,3.119040000416807,-4.699152716277179,4.158836177006355,8.29751879446638,-2.4096214475765287,-5.044696135170622,-11.12863359259466,-19.024618109054607,7.758610809223189,-0.819823565677408,-0.7369022189755835,6.545380030473543,2.2358865681495965,-5.60351060570446,-2.29159960077802,-6.152831697164022,0.464438256509621,-10.14539008137223,6.131069520940271,-5.51617160555629,-11.773603660126337,4.047933672186905,12.684673534303192,-2.3087273867526816,-6.370043409769653,-6.046291527701836,-7.676799898603474,-10.789072611904357,-3.509809858021571,-10.848451968049346,-5.52198303271622,0.3548742078888537,4.232767169226239,6.749903608462915,-6.791345197999671,-0.15232873092590715,13.935832966498813,4.611082167943728,-1.7819956021198076,-10.385989937012727,2.433956336145459,-2.4161323867873983,-3.720210596505477,-2.4809463080430314,0.6777728463381796,-3.931178145443342,7.598968584330957,5.864706057075996,1.9352597873235666,-2.31189634711378,4.132675941248269,0.30111828067852586,-5.764125614519626,-5.664733601302879,8.324249902798202,6.963891445938601,5.490539154965917,0.15778488298318916,-6.331473251239753,-0.18237359078953608,0.41802766566643257,-3.629832690209338,-3.530123600634668,3.6180762716105455,-3.0347272328006722,9.154395263398005,-0.12562497843056164,9.671037706859202,0.7633834478215871,1.560258767267118,15.776970686329705,-3.6409108387096563,7.351133005318332,-0.9540665790869501,15.474729278721913,0.8763934570189273,7.929494017980255,0.4661136326582834,-5.408946976351149,0.11852026224632595,-6.526510879315837,4.638637690140698,1.228587179059197,16.06714780495539,-7.780290249992117,3.2081752042724707,9.759823059122228,2.9579833562037527,2.3690404810657393,-12.388100612107987,2.443101912305352,-8.571167182324677
-6.173644795516375,-17.03199082686845,-7.841849887551041,-8.56761112395245,-0.3386091543585057,-16.321306424725915,-24.337777174202724,-16.29363117989321,1.0411349452581173,-0.6927374066757654,2.279409469534222,7.410267669774857,-2.5789906767437762,-3.814737064549259,-12.284340315652948,-17.59206036886023,7.646450708938396,2.449591860581223,-2.393466125948873,9.7529707673494,6.32737462885879,-6.880320360980097,-1.8936443453082314,-5.81644005953397,-2.782825422492692,-9.542467122778877,6.415133235378634,-7.855929428414736,-8.94577009148393,3.7522608175081844,10.93510933897193,1.5000845480914933,-9.464324702538057,-7.499486802787908,-8.985463115193644,-15.767574345031814,-4.913597447233769,-7.811982344791215,-5.068836596094209,-0.45530827186411843,4.2341552288093975,6.532263327130041,-6.769187484990049,-2.019664970248572,15.82421987461911,2.451053616361629,-0.9237383735280265,-9.27529767606274,0.8476764841477051,-2.571689081883224,-3.859044050221804,-1.6469391870274879,-0.18235227712164415,-4.08950140590753,6.5402756929370005,6.036882873785407,1.7855440383305208,-1.9318745934746357,2.7287357052144903,-1.7490002690597166,-5.008776108790524,-6.381553751027264,8.519213707405386,7.437943262311002,8.904129520358866,4.9550078668721405,-3.3707685021721097,1.4146999117897328,-0.2164636631486041,-5.790569007655506,-8.738901307868865,0.3710905186157414,-3.396509700615567,7.087735003951565,0.43704179666960075,6.581571275257044,-1.4886565664156315,3.6709022669387013,20.86565790207858,-1.6206008575980932,6.386320662038093,-1.7385737005154533,12.517320861997028,3.3263210374042824,5.015860317103342,-0.21200139750320224,-6.954269787572563,1.8559603043807003,-5.470556815567466,3.9378620245704057,4.771777517788717,14.78444653635622,-8.100369010562522,5.544957801051128,10.636084753079286,1.6284954057417877,1.3591853898691515,-10.513294614769794,4.558739460492259,-8.46208813696672
-6.58163983317938,-14.4253768079315,-6.1676684731035225,-9.088006364348171,0.8275605818203473,-16.624595085682497,-22.16178176200858,-16.348887382707932,-3.1550509361817864,4.592261287617626,0.3338670223601623,8.440187573587163,-1.6343867867055972,-4.8138014974527685,-12.517013918031225,-13.515713260082553,8.244226485101581,5.874861656257869,-5.146732755943957,11.458833943419833,9.095370435342021,-5.2110786550104455,-0.9201361595776207,-4.545026127210433,-5.383332650058202,-6.304223363812856,5.244459043335901,-5.863449270190766,-5.381160266580935,1.9919769612878468,8.089751309153934,3.9617714116462803,-9.700061171233571,-6.0476989663112635,-9.086763413807162,-17.167191433739983,-5.79503345181607,-2.360485220184713,-4.374008993145106,0.9553938723831887,5.58508466922688,7.008580411932388,-4.528250795635703,-2.022601041126132,16.92819494775575,2.4067578076515916,-1.5007750064759962,-5.772886079078026,-0.759413719703312,-0.8138210448995555,-1.990761395187286,1.4580294485239347,-4.105204541709481,-2.531538303225999,4.825552840529663,7.977401673140719,3.2162859001090878,-0.1562254372949965,-0.6146667062895659,-3.1098532671800476,-2.7285859853353833,-3.8419761678488538,8.35515694161624,7.209985130206676,11.141905492824103,9.986009737970626,0.08320452901439634,2.522781618179118,3.1285770104092423,-9.285905944862286,-12.468941563573095,-2.804793676202208,-1.114573781811624,5.703768858650982,-0.6551574551712234,3.184697130782787,-4.878675956412947,7.006555298741634,22.508537697117813,1.6210725649114872,2.8704094109786853,-1.3662865746307666,9.535550690009156,5.894284532847544,1.8533417571834012,-1.9568112225600776,-7.3906646954011865,4.588145353516506,-4.329085080276203,3.0622815777231844,7.627286153288285,12.257973651652893,-7.421959300482414,7.333652242616733,10.83107855044728,2.5563839758539553,0.3487005838371875,-6.828780420350505,7.42698193691349,-5.054114233657682
-7.452227300032176,-7.5214781886856015,-3.3856651448419623,-9.791243571953004,2.500930057865026,-15.085369293115644,-14.926794150306876,-16.625544333326232,-6.933898335779127,9.104874897922095,-0.8859354743081769,12.601804640702643,1.1376645688730598,-7.235535778237265,-10.139129362320173,-7.860065137073541,9.699033873277095,7.889915227411196,-8.02748058606116,11.266235779356176,9.249635557893477,-0.5311633327327892,1.1622149085774591,-2.036642036768468,-5.910142553667743,-1.1109000204795256,3.1800860282207593,-0.1270054306351917,-1.1779946548568163,-0.17903571433983467,5.850316797615848,5.157520553517371,-6.782444361629569,-2.10618035708851,-8.035711798521977,-15.114953814080899,-4.818247527703531,2.356564144345316,-3.0194183896942786,3.5849119857238008,7.810163168447057,8.159820086399705,-0.8837868979566106,-0.47774164111471595,16.541777369103514,4.864991141066184,-2.0063184551600792,-1.1998899576405015,-1.5446552624639935,1.8941026881599736,0.37151086924421595,5.5602328347298196,-9.444817611801781,0.2577835661229746,3.0846160602673276,9.721599947982979,5.583563146394428,2.3088365592033284,-4.5825053728921095,-2.845378943005335,0.3773998296479344,0.46992877352180834,7.929311834030395,6.904777440650067,10.283739794845392,12.970550633443587,1.342425901010385,2.1653761693082583,8.096466084531295,-11.810673891083745,-14.019893309526216,-4.043264002174376,2.4122275220314195,5.538207816264832,-2.4181766033259553,0.6349428670024626,-7.817404287389818,9.793125327910275,20.07972688187858,5.338041790812453,-1.23329271030242,0.2479668038911358,7.884536387861396,8.45778835553637,-0.3519818942580517,-4.995096785688303,-7.217699230363944,8.141481576923644,-3.4051914819410887,2.545137527845777,9.094462854671637,8.964096297647217,-5.652599714362202,7.656620822869953,8.897227164793646,5.708335894471437,-0.09996990572440267,-3.352464554160235,9.27708337185014,1.2742345057877351
-9.353997773977136,0.9314544018205284,-0.19118491349635391,-10.380530349401852,3.62479906474544,-11.767642715647746,-5.4539149081065,-17.689985698166584,-8.124710836068456,11.659224024294568,-0.7642719147207573,18.551684597080737,5.187121436481027,-9.993706776762826,-5.512364856554938,-1.982995075895826,11.709569424143243,8.047165387709653,-9.679091024181709,9.241823025080155,7.008764341789913,5.361323944836705,3.295128071169567,1.0260428991025536,-3.995400778073505,4.056231329184048,1.1675648913001553,7.038635195762039,3.2494847497801898,-1.861977998213634,5.794084538424609,5.930388612955907,-2.0638319646069196,2.4271992885942115,-6.233862767768953,-11.4730509126554,-1.948050192663617,4.132741667539527,-0.6737159005938921,5.637032725922357,9.47921573490267,8.549562452072205,2.2806751955950735,2.099789246825261,14.012271698538568,8.044053473379941,-0.8185221119125616,2.751618615328868,-0.0030538529090702315,4.101502157217873,1.471902559132571,9.039445930082143,-14.14103076600759,3.985544533983174,1.8913555359458754,9.039526785865842,7.518858336984982,5.01972226912654,-7.411411913313778,-0.10092041315921903,3.992775087416412,3.7663471040758223,7.6541193437815345,6.339433014961896,6.499888515416539,13.078074876926546,-0.6910656578045914,0.3490902493842407,11.352518483721479,-11.497864002401435,-13.294662358140007,-3.032267427922675,5.226545766200134,6.204472421065976,-3.5843629648619557,-0.647610717184977,-9.160470096449448,10.211688171107905,16.289575525730648,8.187342168916926,-3.7251403696871352,2.3939565412109225,7.433502217220537,10.40727389437816,-1.2969987585309946,-8.2503970429778,-6.153427542051725,11.027692813274479,-2.6539317099061193,3.029942151347272,9.191689478252933,5.201291439259425,-2.378882296207418,6.038977332326503,4.624419893360448,9.670791347588292,-0.4377682471790397,-1.1414088333636987,9.496923829874124,8.769257378855665
-11.533161735249777,8.339675814006236,2.2175411084574126,-9.8424930294013,3.6673569864648483,-7.757345407282225,3.5063442471568163,-19.134122045226764,-6.575510802359001,11.997593901165116,0.937077665187136,23.105900060693926,8.912387284925678,-12.053981669036652,-0.9002415734570932,2.9362129391760146,13.643765497479277,6.913894462973145,-9.401389501373515,6.266524417024538,4.1622162227668245,9.917072455912828,3.7289013568423943,4.239541117786883,-0.3954640536096252,7.384575074148387,-0.0695502814454968,13.097629163606832,6.922420089038507,-2.437294382927721,7.996045035714673,7.322163911745708,2.5201665545547574,5.697179294323735,-4.022227791965303,-8.595301518584943,1.2652008444467033,3.301124354830419,2.7136816407500883,6.063754379785894,9.21699001891502,6.371679183188972,3.5974876123174533,5.691846098251693,10.04907579732682,9.43717567830596,2.217229318383981,4.7884913837811425,3.958901703828089,5.142051394885287,0.49358977754644506,11.278766499878069,-16.938328982734756,7.873215184035962,1.4731582175409113,5.9883129850912695,8.50537598152009,7.541035612526763,-7.859545791182769,4.306140173288269,7.524338461906146,4.1422932519447855,7.464578727078329,4.691509897239693,2.3887504688373635,11.700230258466357,-4.5365756222555955,-1.5279093002473314,10.91812478522196,-8.102726478740943,-10.834176603818886,-0.5751172880328802,6.241104278946109,7.41356520708843,-3.795491911977205,-0.7807214053731177,-8.965085880712701,7.887669282323077,14.495657786251558,9.292991461053218,-3.901954219024339,4.076824336685536,6.478564877184692,10.886474333769272,-1.7187229758084877,-10.044475502353405,-3.9054050585365205,11.599568255701286,-1.8208713134824694,4.873738806928968,8.198274702110186,1.3618474590008942,2.0934344284757938,3.2175351657501974,-0.30205687053223107,12.4112860778442,-1.412090564921654,0.1256848119976406,8.95879354938658,14.783122752136054
-12.50792221052281,13.548638721388583,3.707817785928075,-7.492738149725287,2.7176726954248505,-3.995526618569537,10.983066621159846,-20.013904784883426,-3.6779801386719067,10.59394563913643,3.917196258466271,23.85072689041557,11.034510742696316,-12.489404114957322,1.5346663328326686,6.362831007809531,14.9224680413545,5.077615263478872,-7.794107373223516,3.602950780738544,3.003681446562785,11.503185986940213,2.1604622318681446,7.582326153235652,3.6958674449964564,8.783751042451161,-0.23007657106048107,16.808237613911707,8.792055226148097,-1.1920078487582884,10.677943313065906,9.93045160313992,5.646230388789704,7.1905079623298365,-1.6712813220889509,-7.748221558218686,3.250059253190407,1.8484532071345385,6.3465448476264985,5.3093896018187365,7.184108449743393,1.6667323221374586,3.273067059865673,10.405561586077996,6.272112745840109,7.873026410345062,5.549499095954324,4.287003727139691,8.344955866059667,5.362647686155682,-1.9608955573453342,12.671786288041774,-17.8854828640668,10.610357521961756,1.7342562604216543,2.8940036708122356,8.913384468545896,8.997422792009555,-5.630943519989596,7.769626662168916,9.732031723406504,1.9906850551746966,6.603292958428275,1.9063451438501635,0.4634285733286396,11.10119613163028,-7.094707732451096,-2.103639356381829,7.060441214002255,-3.036858220078165,-7.352616154128276,2.3974690211653664,5.860816898712629,9.011418722450466,-3.322661586042655,-0.3260653576609589,-8.267790289960855,4.486592814652082,15.651919314526737,9.080079946279119,-2.9075525523410524,4.548951347224991,3.34803545433338,9.656983533095147,-2.4174073631291795,-9.16776882813921,-1.3650699313961105,9.495761818077998,-0.763165367037624,7.36011656363253,6.325568695222773,-1.9095870669726436,6.62494661425966,0.7694220597122092,-3.468826281024746,12.776371591650616,-2.9501932128585953,1.003888890806014,9.060622801272533,16.984934153486837
-11.706467567853851,16.72549761775845,5.564827042144481,-3.596899427910831,1.3970328083739423,-0.7173960452322339,17.33259903712566,-19.681449526174006,-0.4925896436009962,8.19826578481861,6.907262323216704,20.964322151483415,11.303153024604413,-11.00289162000886,1.4816947673346665,8.463881577760615,14.844005876552274,2.826569869634568,-6.270859434318139,1.9020010187303344,4.623041010380499,10.35120247948165,0.3601056930204609,10.41245190916688,7.604428806631645,9.471803309590403,0.3048356537115703,18.145799398765185,8.727408597938897,2.0711096476608555,11.60170772943061,13.663453483638165,7.0877201427255585,7.593156105372244,0.352083706798195,-8.69556649130503,3.3481348837368876,1.5570090266341878,8.836309530034038,4.377238668990746,5.423985254217828,-3.0058460130752627,2.5962292997043996,15.442065416802723,3.727195660241073,4.14613994101324,7.005655394821494,1.940893656607672,10.86338625469745,5.315473976543806,-4.658307271821339,13.471220425194817,-18.067375338528137,11.305543740331386,2.0783143672019695,2.4044683950379597,8.95993437139962,8.567009978646244,-1.2096753933801625,8.072987650985525,9.342358636098751,-0.9387153425984076,4.454511492234271,-0.7255152273840116,0.9621649798335918,12.160006733549453,-5.856409544187272,-1.5096170315084443,2.0115114291218354,2.0459980804801976,-3.3256426936510155,5.198469538672843,5.073817942462048,10.658115632766672,-2.2067316621016264,0.17803800594018826,-8.1661003683361,2.1690260881977115,17.718357723448168,8.52097019309588,-2.19365847929151,3.724829867237581,-1.6160243767021338,7.306948930020881,-3.2495914098839584,-5.973164504109998,-0.09996586367327065,6.08391791090826,0.46907639266405093,8.66863452556066,3.8571349003580666,-3.8517982737254357,10.054095466360977,0.030457683506268873,-3.437518056301169,11.377799313562512,-3.806037966625827,1.3791590558705857,10.300691814088966,14.707458516371466
-10.276993263933312,18.362698156257657,9.249547054234037,0.8864039857009312,0.22072176731236026,2.0074133977771877,22.364382130327478,-18.227484491651715,2.816036650862694,5.559997904000539,8.009112398610068,16.667896590183357,10.103722303641403,-7.99485241798754,-0.13088783559978667,9.672968552005873,12.388872859995878,0.8914549593634837,-5.958102050953936,0.9938347452005356,8.17374440146936,7.771142670830511,0.5733324704291882,11.875179508617938,11.181602618250986,10.613164004469478,0.5614943231108717,17.55693412960202,7.442692101959368,6.211187212058916,10.062601681119157,17.494042581674446,7.325789087559316,7.745113871889881,1.4752498501867999,-10.12321599634886,1.5466573403321657,2.970750334259819,9.458661479515655,3.6703541278405303,5.9121144653492905,-4.849897453743322,2.6084252076937586,18.543607443093784,2.2847398453086236,-0.11838214008792836,5.3554946366035985,-0.29651285822576035,10.914290409186625,5.014146101077014,-6.595899047061216,13.327561749610963,-19.04955938875179,10.114266643144033,1.3204228949594883,5.412017383847243,8.31040019928087,6.480886383844965,4.267966337577248,5.281164459045972,6.164931259697071,-3.1712315554080432,1.201820178595709,-1.670214440051119,2.3515546463075405,13.708048820081856,-0.8454468214222803,-0.916223306459907,-1.563532625560066,6.175368331177326,1.0014810332491524,7.347546878057845,4.401801885755575,11.851282478221432,-0.24404522744755663,0.7987576667871649,-8.909299072162423,1.768987794389378,17.587319707848074,7.843984471795421,-1.9691688934088774,2.322793139503402,-6.192334793952941,4.7292907961917106,-3.2001564590907443,-2.4593141215659218,-0.8039125533889233,3.2907310985874703,2.125696961694728,7.317992150557266,1.5052051152775574,-4.015964593387156,11.515063044554587,1.169493131855059,-0.702996932450811,9.656417648111091,-2.790252356096635,0.9534680484255258,11.711422337640233,9.27130428307095
-9.699825836084681,18.39608039961095,15.001561045495155,4.952954659069809,-0.9543579070036796,3.907133408905768,24.72199352573959,-15.802036194765492,6.181300081269349,3.6955618431245156,5.994315414047251,13.300991044545391,8.017625063373012,-4.356285546734654,-2.2540548396031146,10.175898978564314,6.919857208892652,0.35888591331870634,-6.607814779162774,0.40980735773860655,11.785437392900368,4.471928920268725,3.874184751562555,11.544137586743027,14.095526915589987,12.733955778539086,0.05466426196216623,15.662062370278766,5.58904286535149,9.126585164770137,7.5466587460511985,19.953508965024522,6.857820590765477,7.897767026050601,1.483845811908329,-10.486644816672289,-1.2756484867674973,5.475997909254926,8.536053776418022,3.0849207371459118,8.410994952382147,-3.3775894831233852,3.0873437192947684,17.524310436788845,1.0391305584039099,-3.6278425569516024,1.2825464751026514,-0.844523416864569,9.826632742286783,4.378827692760856,-7.292875080317138,11.656718635545458,-21.381032825013477,7.882599348557802,-1.299591182416607,10.134049850311003,6.831954423771869,3.93936605087646,8.77236454358311,1.420734922533521,1.4591088161723769,-4.072841504498243,-2.20562372993857,-0.7147554176952486,2.9992388690191056,13.990279816669164,5.142089125635831,-0.9299765735965331,-2.3721458062679495,8.868646975027247,5.447016595066267,8.351418278444186,4.09252595897644,12.21880899880225,2.674005342898842,1.7972696942219064,-9.903679472597673,2.7902217116454042,13.806504048897295,6.570880171645966,-1.16362369992452,1.4202520490993853,-8.38645246499483,2.7627009555105335,-1.35323047476618,-0.6633631595130953,-2.747980832057176,2.068736673439393,4.700272418699145,3.677658107851073,0.26167826563621954,-2.7717438657245532,10.577396638971933,3.1217992897325937,2.7303734176942265,8.27705299731837,-0.49915852794408305,0.21463106267777543,11.753010186004817,3.0976467376296073
-10.314988096364447,16.418772692958896,21.362025131226027,8.021742571823676,-2.4335182462335214,4.688030792575561,23.008478458872865,-11.976073681992919,8.989354858599656,3.5587202430888896,0.9091658510994194,11.559515636173519,5.730815582570459,-1.022436822943373,-3.9338169582588107,9.902371090752526,-0.7141854925176512,1.2874620389961127,-6.539746877372421,-0.25540676348092806,13.926362992336548,0.35771863815153315,9.671860861780022,9.268660125177199,16.030762923662206,15.660287642642698,-0.764234373502872,13.054041393990593,3.5306266498398102,9.135400674360447,6.078789606461906,20.209649241441838,5.947452563237778,7.837873803538081,0.6842803433561881,-9.10507341898385,-3.510716203315871,7.884919758900092,6.793206886698998,2.5265779633912593,10.87249350483336,-0.44492303198441974,2.830971506183474,12.516265993180966,-0.8614670769913899,-5.734765274049504,-2.8367302352134205,0.156072957577172,9.353545011084966,3.6341160907082415,-7.096553966486697,8.237248478474022,-23.209966943163117,5.616093380052128,-4.889033979458649,13.241218623345858,5.383071846228316,1.9885265680939619,9.86383094767957,-1.3460819088767366,-2.683127023409103,-4.054956126640976,-4.543087985044805,0.7618367156482667,2.2570542073352176,12.13514380462765,8.482611351793526,-1.2167532145719218,-0.925735136856282,10.022645338898293,9.58027662988236,7.595348283037368,4.3917462969063426,11.48898908487714,6.275463000256071,2.749345826646707,-10.372691360020982,4.448234610286052,7.626096990142868,4.423825624408742,1.0252665140236332,1.8608672752027993,-8.035048743621335,1.7573394026354485,1.870794279026009,-0.8342831088054906,-4.67656234786692,2.277341099129193,8.016096647672889,-0.24672893161499587,0.47023327844175267,-1.3720629823797692,7.649642135239738,4.520156151738825,4.783646302798246,6.819214175418614,0.9959646280987752,0.4160350610143613,9.731801267776024,-1.7096578594730376
-11.365958869387548,12.581336594099653,25.724402536858175,9.844408316195393,-3.8736537857663986,4.173724087830621,17.1356298015582,-6.783739782687958,10.26014975880259,5.161470428235381,-6.269554566550035,10.253118790213112,3.7586834216292893,1.715003802040715,-4.344345746383003,9.156591531846985,-8.201947180343662,2.300772553998869,-4.337354945463335,-1.3111411538867994,14.39585337186615,-4.077105588001338,16.163588110342737,5.380765646211909,17.042937486284373,18.46165624550826,-1.3811914023120433,10.059405541624692,1.674949187244167,6.3505649040536785,6.028896144903547,18.543174828584966,4.7314238382960445,7.515622226605697,-0.41805111240897164,-6.640493188131514,-4.3545703997706635,8.85232290189196,4.879675253931277,1.7540710469395513,11.494506755385293,1.428182187305842,1.2071952161138189,6.119893122103669,-3.361530195959377,-6.471249073631222,-4.526866467598942,1.1966791187583956,10.04548775809018,2.7122658467060985,-7.435001967004159,3.7842099666332842,-21.52920808079677,4.166685883442373,-7.377140155192121,12.377556484513242,5.132951493388704,0.8343662639685632,6.5524636974786485,-2.019825130297768,-4.522180772178327,-4.066874769914258,-5.258833013246714,1.3122054646107,0.6613280791649823,8.726014449614208,7.5320207002869894,-1.1277863754433366,0.8763948162853591,10.071161194053646,12.340668665079244,4.785215026322058,5.263903450874558,9.222477551663957,9.51688184163118,2.6862394507143526,-9.98362665550613,6.308802404761661,1.7768755377697785,1.8426831348081223,3.6983725692380824,3.8033795129102663,-6.428872136906434,1.387100395669596,4.540991833770186,-1.572935759806207,-5.937951453715739,3.5100266112660323,10.76666162330432,-2.4639323162113778,1.126734161086845,-1.0136440028849414,4.122020570528889,4.5197693508688594,4.435069226127492,4.708581773849232,0.19506568612671948,2.2220767192846607,6.411296996454126,-4.6071114699426845
-11.76601859115011,7.840077437568352,25.900127564186445,10.095755057480485,-4.446364713851507,2.7120609479936966,8.966554480214356,-1.7957101858353015,9.886158506158752,7.5078179642740315,-13.498464498628563,8.025146431414061,2.224196358334761,4.279207465640837,-3.2663884915617882,8.639859732959785,-13.222737289510333,1.7114706154448105,-0.39282284228602027,-2.9789012534888775,14.482327268469987,-7.206998887062668,21.379265351699463,1.171380908533246,16.894436536247902,19.843196501485465,-1.6784087061584134,6.802361578483565,0.5837946732013436,2.7236746335047726,5.952304003419539,16.093518836703495,3.378857405623682,7.267261866272398,-1.4339392158125637,-4.536582774268109,-4.418491048638662,7.434944459744184,3.14086219128564,0.37490193765984836,10.22015862457,0.5435528063613042,-0.6310992225530044,1.5007759779870606,-5.491653492452757,-6.38257519519275,-2.9230514644438985,0.8142405444590431,10.996482973130075,1.1421428041623751,-9.778189080392025,-0.5172520666899212,-14.99406489579292,3.8383598575798197,-7.385147018147142,8.095223941540173,6.327435025251644,0.21369384923464718,0.39457949257244357,-0.8342318697039972,-3.868566901492921,-4.523747350436808,-4.808819187920333,0.8735262941861861,-0.6862274390939787,5.508524376515464,3.8160095304743473,-0.0017547291585766622,0.9197838799994207,9.717611724778111,12.569317403980326,0.6022780098753286,6.133454613859653,4.931484013248282,11.107892514030139,1.0101883561561047,-9.071289504445792,8.131626786821107,-1.613052850669444,-0.36171833819117927,4.962273881789102,6.43664573708779,-4.881636673514366,1.1036191316589847,4.938104580501266,-1.4911183865445168,-6.512049023490636,5.3176637911894,11.244651943643145,-2.5138092445629554,0.5712487250596361,-1.9882590414494699,1.7085361223262483,3.144215456982554,1.9360402326840807,1.827444869577875,-2.670222675569776,4.872651658374368,3.4336814164806833,-6.543773829723032
-10.578979415912372,3.482675567361061,21.967141744277466,8.455886145268455,-3.7257710062127587,1.4133980325149924,1.6152565574016844,0.8801891449552919,9.176914779883749,9.05275491603241,-17.85801458656771,5.044261764083373,1.0283037710558376,7.103930772020222,-1.3964813969983396,8.513397103498221,-14.99618095619333,-1.0115410919516452,3.6081497742747635,-5.182633081037205,15.466201774989269,-7.579472812525438,23.90220314555374,-1.5714850186403302,14.940789250141737,18.830071942204256,-1.7419196548237508,3.460974060068455,0.5063639664308706,0.07525720605696429,3.9201826214122173,14.038695715061396,2.161211840264875,7.417365331644388,-2.045792640432835,-3.685408638803171,-4.6426112482043305,3.93804070482691,1.495346531502534,-1.7397692297181346,8.360219018946992,-3.303563980112865,-0.7263296902318388,0.3082581454700155,-6.372611014042183,-6.00016692108663,1.1260527165970293,-0.9702895676371477,10.863812842143082,-1.1864781770144361,-13.624401759389615,-4.2637097216837505,-5.018198908214569,4.134227326696026,-5.167190869596022,3.5920353705676673,8.285613447871821,0.06497218693506701,-5.5154499401327275,1.3014968229418562,-2.1422621641500457,-4.976312066382782,-3.9459986856094287,0.4722609912130272,-1.1260826542289122,3.8284948739594924,0.2703531266454047,2.3150871320860134,-1.3292637367339855,9.340204506238043,10.281836674299857,-3.4346216232766986,5.904668323758129,-1.4136188779120031,10.824426683260238,-1.5930255564935543,-8.402047727862579,9.493099396039085,-2.4838193260040518,-1.6905805752578915,3.8404273055843716,8.299170767446146,-4.093816954987276,0.43573334773843087,3.203741890800913,-0.43938101255865647,-6.319909079636737,6.666706659110199,8.578311884631672,-1.517622506586872,-1.8234340279257868,-3.870049738489662,1.2411436430430935,1.3244593491093468,-1.2342461414354258,-1.3758703027933472,-5.969351677175702,6.916441576875916,2.024907019924358,-8.542597615818176
-7.315168379816889,0.66936079449518,16.59374677106739,5.106705197716263,-2.003683292041781,1.4989381951737597,-2.327681585939342,0.525902116921416,9.388837578834956,8.07387554414235,-17.66343334835476,2.4761909860758244,0.018411368724990496,9.988112429899,0.37038608851503785,8.05603652954347,-14.245403927453527,-4.474441357693,6.348960587485378,-7.228150842804476,17.054635707752077,-5.392358777274696,22.9857142742647,-1.8592489847569005,11.186332898408665,15.354362206759172,-1.7891251487506605,0.5082807209774982,0.9116152570447735,-1.7785100225705341,-1.1171176815851647,12.483704411181037,1.2942480318065086,7.922183910724872,-1.8207256586762888,-3.769573369628354,-5.5283810671376745,-0.13665512914023248,-0.3974530997457202,-4.163414719847201,6.823566899090489,-8.56814682084516,1.5775961883046248,1.740360301836282,-6.047189377474744,-5.582994578107337,5.920797864069886,-2.52871316107341,9.017587762927647,-3.6906220089975186,-16.470582059585972,-7.981337417759786,5.483530348672751,4.139332794039257,-2.0506602510722525,2.0340949057040154,10.077798708766043,0.6884007097415823,-8.391986551463992,3.321622026265017,-1.0795501003422077,-4.682141616073065,-3.1395918098025826,1.2989434653012926,-0.9777270090614838,3.3706733596212586,-1.4166368976045196,4.898265319952257,-4.426300104002733,8.746009516220372,7.096789102294591,-6.201213603622745,3.610998299503186,-8.772692507192959,9.597819460577858,-3.354165119165631,-8.466982529832304,9.649667018638155,-2.575172877432427,-2.0395700633653635,1.1328545146181905,8.128413422013187,-4.0395730610537335,-0.973491278687741,1.016899188653059,0.8036850398680975,-5.144052015378027,5.981440056240093,3.5484548046415956,-0.7765960731592263,-4.85985607402185,-5.756715295792712,1.8477738649160131,0.16212486582171395,-2.8661053980148923,-4.006214794937721,-7.779395670697921,7.384423198869002,2.2069904185824036,-10.640985737278411
-2.3062829295634337,-0.1462891716942214,12.855440597798122,1.0775746668341235,-0.009393221519306771,3.30426992700618,-2.224749846739872,-1.2039258039051859,10.261651837626813,3.893060624444575,-14.269939467002676,0.9810006554853441,-0.9011715387348103,11.970669658748434,1.891144423539315,6.788623769093638,-11.914048204039558,-6.364055442907191,7.692257548878869,-8.040659909647076,17.559619765626383,-2.3670972212059396,18.949994937978303,-0.119109797899693,6.891505065727048,10.526217581867895,-2.1929033428146103,-1.6624543552965552,1.2211381702412645,-4.407004079390635,-8.360108424210635,10.351928124406456,0.5413553167664182,8.440572311486246,-0.30546457272709215,-4.164664870263968,-7.036032701699099,-3.271894937524185,-2.7556186938376284,-6.090654748182888,5.284353157632031,-12.427456976138437,5.119419712500887,3.475279815475843,-5.21410149258474,-5.156494760872916,9.402911488808227,-2.2141907947396837,5.821299538326532,-5.477575144352676,-16.263054491848145,-11.972177450745653,13.837388507998849,3.3323458357095372,0.4583328809155629,3.8198285734903443,10.782073608164009,2.2469872872195635,-6.942296900450674,4.332084318212232,-1.6840683168400465,-3.4633911913366346,-2.701848565217172,4.173501491579703,-1.168752021620325,2.790095974494174,-1.6899293630976935,6.350803041055522,-6.632874443704336,7.790881994947768,5.03876059507291,-7.529657399529804,-0.588707273836576,-14.911293071533116,8.424881287393355,-3.0846961601049805,-8.87616290030118,8.062928155684338,-3.6651813713891377,-1.3131966649625815,-1.290821217103288,5.378137947997718,-3.735473751189972,-3.161799483394933,-0.015807031641389968,1.6623490672497625,-3.0184703100709194,2.320310442908813,-1.8448952479666731,-0.6358968543009964,-6.689485871834823,-6.459698620749278,1.7150769782746462,0.18736386716374026,-1.697766836016416,-5.402309108727033,-7.243382590000357,6.292991508869982,3.1639180520402346,-12.048942555605644
3.2448618001035774,0.5412790734971993,11.338402343187521,-1.8986392381345794,1.507198234994496,5.881508563585969,0.3736473369265445,-1.5240863444773591,10.199559165917005,-1.9471669260694258,-10.823708482411098,0.1430203391315974,-1.6291872477236664,12.036732339304146,3.37616775118779,5.568133613946004,-8.537210728605475,-5.6296229147519465,8.338871713593466,-7.135603071448002,14.817644944217326,-0.2779479405242986,13.419127491952485,2.490290106250799,3.9296534775781384,5.842303660605456,-3.3664751709272656,-3.4133888935919607,1.5071732336611425,-8.586889268275076,-15.512263113279463,6.725123458093195,-0.5850283433790271,8.653415005448286,2.427081147846901,-4.803474643642824,-8.286194465239555,-5.036314154881006,-5.478802342297557,-6.974981720091782,3.151312201333622,-12.452599848783127,8.014003098570123,3.7130778139458487,-4.35502910709128,-4.627412671452456,9.862388193870306,0.010076582955524604,2.2472698740667902,-6.089795446721797,-13.073760220261446,-15.567792281858608,18.58450092810809,1.78164305551305,1.5081841001643128,6.358720739118525,9.576346260251167,4.125742824721856,-1.7044709515329677,4.089056675001043,-4.044921134482002,-1.9795308680676875,-2.8213547651141635,8.676212389725865,-2.363341533936735,1.055078737054497,-1.91643296689062,6.1364538531509565,-7.497568818303834,6.948628280886079,4.738150921039308,-7.451181504212653,-5.018413606754576,-17.625032241378307,7.699709558592579,-1.5537215726009976,-8.855491192388184,4.858663216519169,-6.118445279234544,0.4373517951893138,-2.129812579901185,0.5733425547369475,-2.154320909982933,-5.587358484275791,0.4403279787031829,2.2710118036329767,-0.2809214018779975,-3.753962787375488,-5.790454258973212,-0.6157100992642268,-6.736022869130645,-5.502110754600747,0.05535136439784594,1.199185575129643,1.3044731363961586,-5.751830006621385,-5.114917704903809,4.194478344305584,3.905032847545085,-12.158336081506013
7.765757314609749,2.2200701170971655,9.795375586639752,-2.14422841338513,2.179465100647114,7.4427198498201665,3.070443082809173,0.8824692364487685,7.675469778502663,-6.674629238092056,-9.360915609198463,-1.0878516631681592,-2.1321340667354804,10.28516937028996,4.340023243033597,5.714576983697889,-4.703488495624958,-3.4477877965241306,9.092523701313,-5.155025149868615,7.510334621045905,-0.01270712202805968,8.344598576425408,4.851338670640857,3.526212563750345,1.8413724096499058,-5.321833959598552,-5.684008161972811,1.891653337887082,-13.209938638422551,-20.33813153106897,2.1840415931713686,-2.0346046816151704,8.306986517330902,5.35181828993881,-5.797751078489487,-7.959232225107547,-5.944954407219387,-8.2144724588171,-6.824572539193908,0.4337514907246671,-8.403442828079825,8.651029339899722,2.2107509724375793,-3.1976924556554165,-4.164466489785651,7.391353703004355,2.5271887106957878,-0.650719732089927,-5.821206141787877,-8.562443841910536,-17.815321575542765,19.63388395670991,-0.2545113406109012,1.3339818456262513,6.39592159663683,6.310220241219844,4.997549303906037,4.853863479796154,3.1962398677618697,-7.201376652344559,-1.0454695622175065,-3.472255106028947,12.52616616565473,-4.347101324596901,-1.7924886637013842,-2.8232187943529636,4.88228104481539,-7.69774011143075,6.652467374714424,4.917909025255199,-5.899947966785937,-7.427575166828903,-16.47375158607386,7.104849967035772,-0.6002038373131224,-7.93940027198028,0.45005586597766634,-8.896766964798381,2.4597177900239746,-1.6668503421952616,-4.339346937805478,-0.1639575020424382,-7.290738022781695,1.5511753941294324,2.829385613273599,2.6364501583098967,-10.727886329063358,-7.5369971938646785,-0.17964054427417575,-6.195707593167665,-3.9386395740861584,-1.8855068752385689,2.3393140284867395,3.8255947798736436,-5.724828134453116,-2.9436686932091334,1.5777885553286293,3.837137155888736,-11.344289080500559
10.06552643091389,4.939901712814159,5.749016509608857,0.748458451325954,2.2184317147060932,6.769111486205899,4.478631678666176,4.630635948721389,2.9298826763957586,-8.515436912502391,-9.415494582897166,-3.4422629373901072,-2.734199517847534,8.120692967717478,3.817411133174555,7.0221046395617215,-1.607824787632223,-1.9413034837255756,10.199843577881234,-3.411424387822035,-3.031485411763862,-1.8254707772748202,4.607400701372586,5.931537042088207,5.301536562526378,-1.8791395799868038,-7.488787173984434,-9.378897842793709,2.114892533103851,-16.339650486944095,-21.81030431847202,-1.4721666496529733,-3.360954537717995,7.0201044849574386,7.1539101573119455,-6.819650258485399,-5.722330481219841,-6.550117981293004,-10.483821071932743,-5.931345124352845,-2.298170790154595,-2.6378221945573466,6.298572160874347,-0.3628941739250182,-1.0809691507068346,-4.452675303127219,4.152009253057308,3.481039753584895,-2.3418342194403294,-4.992387012301884,-4.656537897551226,-18.560818612387944,17.875162850495823,-2.472483188273114,0.8212768099252811,3.056600768012064,1.9151207234092906,4.182629591935462,9.211049372137749,2.3063986985652427,-9.59641118713234,-1.0214032953744239,-4.652160950499706,13.184138567950527,-6.279472729740712,-4.496757390190048,-4.136335525952072,3.4039427301043887,-7.822852523471065,6.457348076842005,3.9429682343140353,-3.3954203626755204,-6.6750396220438795,-13.046707621397442,6.10663558409047,-1.277910672084524,-6.333878519423997,-4.900946019268439,-10.40961589983762,3.61447260658996,-0.9844717358156078,-6.75941478653045,-0.4335605660642474,-7.661108099140759,2.4282331267747446,2.9884929852513085,5.3290134691175295,-16.953195060414785,-7.598293047190634,0.6445367078168214,-6.469372202348696,-3.4538554980368774,-1.8548342632408934,2.8084456205161956,4.221873956227743,-5.779513820563378,-1.9352375578218295,-1.0300807040469322,3.176962458132088,-10.411326726229065
9.849507041069408,8.417276596302733,-0.7821708886287118,5.213691391308298,2.255125134635547,4.355543817707123,4.671657443143972,7.002534768929153,-1.8005423191539407,-7.707226284045005,-8.972701558680466,-6.539721945355474,-3.759863462021876,7.053577343684651,1.6364828718566176,7.437895180972102,-0.7484881549400102,-2.5114100341926417,11.235601413771048,-2.8511339179328186,-13.03201399384654,-5.377373456468205,1.7721013377941888,4.948179502518556,7.560468401946764,-5.403910439399117,-8.843164861930802,-14.703554097730919,1.657846643300748,-16.741152090038764,-20.33668768134649,-2.7848036302174615,-4.6012740975804896,4.512586991995634,7.581152313811228,-7.167119150828203,-2.845316479132245,-6.913464149016241,-11.791851289716535,-4.51580183282459,-4.200114725625727,1.5474383062970203,1.613297217966439,-3.009628083171309,1.8478741862817658,-6.2582567353798115,2.439657045897379,2.2072997184581125,-3.12360592417789,-3.4191929265554983,-2.6185764411266454,-18.5049771534204,14.494535806738803,-4.489852378129932,0.8805774483996243,-1.468368013869811,-2.02063119217303,2.6250254950059535,9.21434684246239,1.5992460447217982,-10.300528625944494,-1.5673122034970148,-6.457648401960149,10.314883912584545,-7.331582373749222,-5.351290631109493,-5.185954428083696,1.883613776685837,-7.526499469916132,5.3026610297759085,1.6705393019135464,-1.223649792049724,-3.6601677485848607,-9.4048598545025,4.601360336947012,-3.4594938024480886,-5.028364530068554,-10.514823701913231,-9.539840808880975,3.4988068849377303,-0.49779152919886505,-5.278112168833643,-4.625995716661472,-6.899457199584678,3.0734732247452046,2.460120262206984,7.381796910839471,-20.89695144876633,-7.25524220083163,1.3331247608318548,-7.364247622620027,-4.6307805511427995,1.0714052389118098,2.5824710739956167,2.433402440212136,-6.026871317493475,-2.373386586376612,-2.9836939891629886,2.622371894713767,-9.598503467482189
7.662678496602061,11.252597132377769,-7.207791096653004,8.573679179055063,2.7970792058140637,1.7907117794796221,4.068082437940984,6.624181387729415,-4.092279819664951,-5.796755209543722,-6.571872173214974,-9.225883042366341,-5.155051020575521,7.54137177219597,-1.190750824062388,5.008610939571118,-2.7886303724873933,-4.970222158484103,11.510729449548178,-3.2608233203022796,-18.73348489996441,-9.464248255201497,-1.1088203878649336,1.898836271788771,8.519340108071686,-7.902554905547273,-8.275707669182163,-20.48519827486764,-0.22319857568838652,-14.152329811663257,-17.05753730998561,-1.944478414465752,-5.999211863131243,0.9750179896646949,7.652830029234348,-6.463555787910229,-1.0077249258652614,-6.533553141019401,-12.18642781137134,-2.4418353165690285,-4.50219643135101,2.2296616700112057,-3.952723104224023,-4.351896692021459,4.166096005096222,-9.564335455731545,2.7734674393274554,-0.1583172269733103,-3.5755245760699417,-0.9409288042944574,-2.634159492197317,-18.45306864251407,10.69576846983272,-6.11250409106498,1.9614167049349733,-4.390562515588809,-4.119248971829371,1.7435957526830328,6.068008728263205,1.1589438185293948,-9.68608139772093,-1.5423733766817973,-8.93845702499538,5.857489971061868,-7.119105221249999,-3.6318593971212323,-5.5195248170521705,-0.02626544880534143,-5.743627376984724,2.4771706256639163,-0.6509275566682406,-0.648740776820963,-0.8558897691396921,-6.654756477537001,2.769811195804207,-6.583169651213443,-4.8829033274229765,-14.709059368135962,-6.872504296707898,2.7567790867819375,0.23467495564022078,-0.8034534130096822,-11.158139574584728,-5.799523060924751,4.01691626285308,1.5927938362114493,8.346506828935198,-21.61309782811544,-7.197387990514255,1.495707397830409,-7.33946291219362,-6.498814286520177,5.217800162274424,2.1271742649784384,-0.44125220658126363,-6.389973142939366,-3.7715113431280125,-3.9605152975738367,2.639720368971259,-8.655024867946029
4.643274797329558,11.8154250499564,-10.751554310031052,8.865811433579736,3.4916832931541046,0.6118159689223042,2.393269861822566,4.723941476139691,-3.3088329408701243,-4.418032576130724,-2.630344732717645,-10.839916621024981,-6.626403585789851,8.941064672805943,-3.196860115124289,-0.29410242452127733,-6.8518500913760745,-7.663728810380253,10.443818100148412,-3.5890466537822814,-18.404129708735088,-12.404818229004803,-4.296721374757261,-2.3662269792132173,7.2424043041718456,-8.175361171390765,-5.66480274573193,-24.54446352808344,-3.9762187029284135,-9.180461999273797,-12.768589122536868,-0.7418315073389672,-7.166261440767219,-2.977867744405237,8.420750835581767,-5.263061127894362,-0.7516912946672294,-4.945206133624459,-12.765228221846375,0.48424463266861695,-2.8808953883452317,-0.1875423215950913,-9.312761585009293,-3.5332931401509766,4.705005487875506,-13.244919732240302,3.921217419771469,-1.6548112468881284,-3.92924945758248,1.729991833233822,-3.495578960269456,-18.5865877138256,7.881828313278039,-7.494456930580924,3.5220827003643813,-4.717482111236121,-4.0793628073053885,1.736820408399188,3.211573939670643,0.9292216766716836,-8.862073013941828,-0.03271039553177335,-11.69142735977137,2.2551460397724075,-6.015624476148563,-0.18864067191119283,-5.088697627455749,-2.8074126290813646,-1.6497943766952,-1.5588405821012197,-2.0898813272631274,-1.8375746419354027,-0.5087742812922376,-4.925761602046247,0.6459514746120609,-9.731278948774692,-5.443607305824092,-15.933855645181744,-4.735407281065114,2.3815476748239712,1.338891914832418,4.113678565856317,-16.06768273454751,-5.266094601035155,5.192970293646921,0.7837550851909916,7.86177536112796,-19.311904751722192,-6.914390712665211,1.099092043261062,-5.413927283584661,-7.750507296770205,7.729273239869722,1.8114395887050878,-2.9558618650450263,-6.742399734707243,-5.255674140382274,-4.212701712740518,2.969650579415389,-7.368521970661572
2.2692210191739726,9.72086339763721,-10.667215159887567,6.048770457334019,3.3058958558204203,1.727001127901251,-0.5683506129312841,3.707790852654065,-0.8786827746666994,-4.557468349492161,0.9194833516496432,-11.749637668649465,-7.8159247253770285,9.841339092605509,-3.3413871422336756,-6.246566058212101,-11.025812985887725,-8.981738572513674,7.770566706709698,-3.353383650300401,-13.136501193390586,-12.85279065074919,-6.707948295306104,-6.671237608059467,4.0400750777829675,-5.629901978217818,-2.2655032551739986,-25.223133173754956,-8.817747878693403,-3.323339518144345,-7.845708762304026,-0.9144680376512748,-7.577908068320911,-6.5351293884106845,9.830404724501117,-4.501968137352324,-1.0159034223445311,-2.664465320268263,-14.700571475205482,3.7839166414742227,0.12237591197038133,-3.5887256595569754,-13.556458344192997,-1.4673186770747009,3.907939679513772,-15.587062138299727,4.2838353699324525,-1.5605622627757842,-4.199797565142175,3.1837470361161584,-3.153573739048067,-18.113924325472667,7.108931477557746,-8.799484469318402,4.25486537762582,-3.4154187947253773,-3.0686686208634364,1.4616892982576035,2.9797847244566262,0.47746391512203057,-8.530279790010878,2.2006991921616947,-13.314317566620057,0.9502778289539502,-4.818381977213416,3.1753741688669805,-4.2744952347865715,-6.658159749807705,4.078915592905517,-5.25959476407225,-3.323769677278138,-3.718121420145526,-2.8389829923407466,-3.6320747316476965,-1.5128521313616052,-11.354824028957696,-5.0543996188126155,-14.211658453622583,-4.861656924996046,3.116336997221557,2.19355089128416,6.940188804992726,-16.497164486038308,-5.586301354641984,5.66984030896997,-0.29441877028355024,5.811025227465068,-15.209191002587652,-5.87953023101766,0.44608140551247055,-2.341829255385785,-7.969560635420711,7.069783312205703,1.673375584697304,-4.125776420485049,-7.015993139739578,-5.759179924487645,-4.227770139939205,2.6650895902647598,-5.777531940829334
1.6776226418972477,5.846682594614509,-8.489703041715082,1.7741740084997053,1.5154768106768193,4.799449287001947,-3.645277657025243,5.066885304387615,1.0965720954094553,-6.363779634392035,2.309288683886679,-12.319316553529575,-8.244431266917847,8.785502045061024,-1.4547404647694482,-9.856238360471542,-13.623927570488641,-8.870791253214879,4.040765377439812,-3.2922879725456773,-6.343773283783202,-10.484541436729979,-6.836597411470735,-9.747186917563178,0.15004932777700297,-1.119027225863388,0.562727412223091,-22.28547650250159,-12.659723328463562,1.669935017646023,-2.7569468572505667,-2.171485222989066,-7.487121303441772,-8.581343340924022,10.563056610794037,-4.306051677431374,-0.06974598023293899,-0.9671677527369216,-17.424528954600852,6.515807368137938,2.77435448202163,-5.589569360410806,-15.533052680297239,-0.3464363132589092,2.9841860719899618,-15.315773462514228,3.3427510474980955,-0.9724977087552624,-4.546087846650154,2.5338903532450066,-0.369179767955222,-15.893953634299576,8.125026023959794,-9.766696360631638,3.331273628821988,-2.2502958293352355,-2.8040370041705174,-0.3459620665908565,4.6875634594809386,-0.5274224606375157,-8.542871511431258,3.146792836751697,-12.000228848235572,1.6122346420417626,-3.7673415137045736,4.797752218154534,-3.6862727086275506,-10.717549734906244,9.152033422991934,-7.033029769689266,-5.876345691956446,-5.002378911536212,-6.085846359194426,-1.6550898184636589,-2.829136160236861,-10.076477201249787,-2.293535030106232,-10.73892299653484,-6.465859719592315,4.895286432001672,2.250607062689612,6.774563182880515,-13.268042946656672,-6.167334707899229,4.6091314346881,-2.2711357467134032,2.589873986853515,-10.710281153800171,-4.463799911877414,0.28088338160561244,0.004576024980360471,-7.743968514958938,3.9776944382552877,1.5480705988671892,-3.7906339123650477,-7.174444916502651,-4.331247202263041,-4.171026485554952,0.9960856647830871,-4.105450232315896
2.8307212099128165,1.1698466779119254,-6.536097374138945,-1.9075328484873517,-1.7532721197731123,8.234951180028869,-4.730666161693142,8.294320612840682,1.3493298067313675,-9.119380334095535,1.5917799982098941,-12.12149133010999,-7.713057577372939,5.571343972781613,1.453951721927003,-9.400546034554438,-13.813910479283994,-8.547389299311714,0.9247612633801063,-4.222178227950765,-1.5410267280818029,-5.974530756800608,-4.581604794905267,-10.261909876792412,-3.320898399835685,2.9547041484481245,2.4732402015682604,-16.7916698738352,-13.329967093973176,4.632377344509858,1.6062901243290661,-2.4864116943638344,-7.839819221564967,-8.067097725650374,9.069109282164135,-3.6864258033898842,2.83023731550559,-0.6221612956182692,-18.49827721129548,8.08684691533168,2.96408185245607,-5.321387978021671,-14.55165999347751,-1.5643568065599487,2.618953071402034,-12.587100185188076,1.978021448878375,-1.1035381300954983,-4.962283983278232,0.16307171676235577,4.403698609511265,-11.675438055515968,9.560550179274562,-9.797929981369997,1.389945370544307,-2.2715381219765556,-4.090604011525633,-3.7430070034967553,5.804982588148674,-1.9064326397912494,-8.527085605524473,1.693962515681168,-7.407490304628056,2.818305619805054,-2.1773907936884855,4.0887324337044415,-3.6612453273212218,-12.91562118099969,11.519565555489896,-6.166183752640522,-10.098214717299989,-5.090691985082261,-7.939770391368038,1.5575940838361477,-2.57646816369862,-6.042519526613539,2.65832152886924,-6.6610714471094505,-7.305966169738411,6.461649675333486,1.6213709557691425,4.8405682946594375,-9.448383168355509,-6.01048866292985,2.0808985785008676,-4.829127700191617,-0.7222483164143441,-6.596747512664724,-3.289638355314173,1.1114474445150893,0.24450459706545946,-7.967117749951543,0.6395000222141418,1.3407546696551,-2.4449022564746574,-7.04477357795343,-0.7611530386340895,-3.555654803149567,-1.656179607147413,-2.461490025799523
4.594271069114276,-3.7108775651662453,-6.2075923394472365,-3.7102320819432797,-5.846600818532953,10.59835536776069,-2.672382792703731,11.121764639934273,0.09021617365977241,-11.534277199013987,0.40513325582889825,-10.848386104451997,-6.728072470868098,1.6594538899941966,3.676807713230649,-5.102061631979469,-11.336218327335898,-8.881435363314075,0.14201634184737566,-5.745559232855726,-0.13574907813860748,-0.17318671190057722,-1.7855038129829932,-7.443875290985001,-6.098258413497989,4.119019502159654,4.039786677242084,-10.508516292045645,-10.037644875935651,5.332108152002277,4.050906043597028,-0.37684471788816776,-9.098937808937354,-4.8214499251305245,5.1611788066684605,-1.7772269352017194,6.996456821351744,-1.2873362483849409,-15.690412416131391,8.091012294815325,-0.012463575954187345,-4.0176271482133465,-10.999350097269096,-4.406663494166486,2.835490692449742,-8.945107830832303,1.5639904458465859,-1.6548060275677503,-4.866270008340109,-2.548371582178717,9.534020739516247,-6.3546100742150955,10.082727697382428,-8.675118058313405,0.19463113051877423,-2.9900862283106213,-6.547185499544192,-7.296288355235902,4.392309977886798,-3.2015044744598153,-8.647169956808849,-1.0779986796337893,-1.4775790967065598,3.53257099054141,0.751893908918418,1.6635715841669674,-4.062878484629153,-11.59311562914354,10.950635751963809,-3.326802333400773,-14.37953670586419,-4.095964191061236,-6.906753550150425,5.156679582404479,-1.0330552271646016,-1.0808869610886522,7.946000441473656,-2.850770785608817,-5.878717490811601,6.409124897337869,0.8247018808882329,3.123156957327815,-6.983394620040063,-4.3824424024752595,-1.0345037923709208,-6.389378680712749,-2.7613612064830675,-2.8916116687426894,-2.5000456532450244,2.383559913914935,-1.4927830709637884,-8.956898336985542,-0.9827670029294602,1.039419832661871,-0.8046360903395541,-6.361119527356729,4.015278775849706,-1.4568741710027155,-4.103549690235643,-0.814793086939777
5.581081421909982,-8.206863746966745,-7.465357162432184,-3.2226748895554564,-10.016077448728767,11.724163597934457,1.6577859472416598,11.237181888648253,-1.4313885766702028,-12.451617569683794,0.13806885210177766,-9.274607662281166,-5.97453775317482,-0.8738281469707445,4.345580270007641,1.2225019078287054,-6.903055727576942,-9.529986196846146,2.1053934884974295,-6.265315608916847,-1.220373038267748,5.918165530226583,-0.6121874825162847,-1.8832540621146114,-8.260816806690089,1.7522354070793251,5.876037964849082,-4.80870773046814,-3.769492960169721,4.274043538430734,3.7888451672960244,3.582628101046197,-10.284036044570225,0.271521877046184,0.35927820822278034,0.661733192007083,11.327338396687432,-2.209575830177226,-8.994175849570173,5.951236735269949,-4.562231931313264,-3.3928219133747137,-5.985167184185496,-6.760813322642328,3.4470609811703765,-6.059709074163409,3.105749913749827,-1.2953137972839621,-3.881783745885181,-4.1993514227082755,13.196275136120098,-0.9340698270132188,9.392189267515196,-6.915753034413221,1.0091729357187305,-2.897621643072932,-9.236758371431499,-9.10730925630385,0.5988515844437277,-3.849800843081763,-9.419909326867833,-2.893256103491853,3.055920856353996,3.475337825505636,4.438602668144553,-1.190507017156179,-4.734541499464095,-6.9960641379991255,8.652300751757219,-0.4241597581463832,-16.458121531569077,-2.194086212154607,-3.2461004539234493,7.764406648236774,0.8170200403161247,2.712203665959194,11.488792257463356,-0.06467479806953391,-2.149703870018084,4.625882595834488,0.11028895429151298,2.48259548056715,-5.641914825945046,-1.3087855304556597,-3.5251928319939774,-5.3888807895197255,-2.7282437815925826,0.40625407803746416,-1.7671976226253725,2.913301586278066,-4.056118725873499,-10.062236302875176,-0.6736378066247994,0.7901007369299375,0.6721233089758958,-5.06862347299298,8.334055658282217,2.3787999844708803,-5.354585540532255,0.850766790322683
4.730276451759664,-11.554487482317532,-9.237215128147689,-0.5923630815083296,-13.321291877530236,12.120547528418472,6.158300960417393,8.343837976573777,-2.2310907502038466,-11.50481452505503,1.0699378375118438,-8.851393586893673,-5.536243447248159,-0.8517071585331881,3.948110216087605,6.978612933671981,-2.55659101840827,-9.400923614401165,6.005077311677746,-4.342317806504826,-2.8221132004120633,10.37722100790527,-1.546915022574988,4.535246788698112,-9.552566163722513,-2.5318137078364886,8.019366610488916,0.07218335149407729,3.1907531231313477,2.334350724568283,1.024013317881726,7.128751633194732,-9.735653961901527,5.599362488424969,-3.2600596385722644,1.8168426604214378,14.900703312563241,-3.211449746194701,-0.4710725316792974,1.6662769819369032,-7.877773385777369,-3.536326957999293,-0.6699915031463894,-6.775963635546894,4.14337755478191,-4.618265529478874,6.766011249707139,0.6102040044268813,-2.746148968549416,-4.230300288251151,14.443860388019143,4.33277438782801,8.293364021381816,-5.43198888109997,3.2720028628181583,-0.946392500273203,-11.140815166883431,-7.857414293152298,-3.1697570909689796,-3.206978613571277,-10.740045147116176,-2.1929873692589266,4.698059570204556,2.7814518692090866,6.785866850051957,-3.0385517475220394,-5.710574208855731,-0.6801156995486228,6.165494456085529,0.7343562833231254,-15.120727846818044,0.7558556437887072,1.3053111695382889,8.593737318981642,2.1027416196201476,4.42274480146741,12.46616428972108,1.3843375147722141,2.8235085537714872,2.1396802509137403,-0.6467683381300394,2.383357607837517,-4.5154712126897225,2.4050554520658576,-4.266263495329725,-1.8213667835837217,-0.973404778728785,2.9395716014421787,-0.7428725679283614,2.221886675223434,-6.249493370440199,-9.996199601134153,0.031949092598194895,1.0579054967935606,2.0221022058339315,-3.4624652301073633,10.756066567143485,6.638222901765261,-5.241651461632094,2.8526016797603546
1.656495939975594,-13.125956033274823,-10.038640632168056,3.3872214313615867,-14.855205339351334,11.976172525207872,9.358194799891915,4.623977599139657,-2.5235589290564575,-9.040992120855025,3.07475466052714,-10.566402438079828,-5.000442029167884,1.1826745724884455,3.2070767356807712,9.988132800213648,-0.18758105327036345,-7.565004376144923,10.15536520787001,-0.212389772274864,-3.502697825416275,11.191915626905967,-3.2181450155090343,9.961939164289468,-9.708405153829412,-5.937695473708623,9.993541981364027,4.267142538833361,8.205894795373647,0.6832313310462084,-3.2244108381943097,8.092172314814357,-6.649568819426697,9.343778470458473,-4.138499391105989,0.8198683566690699,16.89218685960486,-4.754450398577857,7.5045758590301705,-3.2832942018250177,-8.29935771537113,-2.728228956510793,4.132592098181018,-4.238825475946143,4.121725497191383,-4.153210295402685,11.615132943789314,3.21404532525093,-2.856292438976164,-2.967819251222349,13.511120096330103,9.57951793548147,7.781268439587905,-4.937824033455546,5.21081838488499,2.1879470037102613,-11.709731967931882,-3.41024784770681,-3.860394362684675,-1.1593881977534854,-11.509964856073019,0.8236931985072873,3.826041799588493,1.8563828617057088,6.324521772066127,-3.0459957542435823,-6.70862280502204,5.58448671435271,4.901688805835374,0.05237430567410162,-10.71381521722118,4.561849122898174,5.301486143766797,7.8508669492642955,2.5346143946084356,4.613312534956127,11.385558589737533,1.7489635894889195,7.2643938383626185,0.005587145589339926,-1.27784668817523,2.0033511470631096,-3.0976729361894244,5.517050019195461,-2.5691285008055935,2.7199757557256845,1.2735386430023259,4.382521643713046,0.5228029600333348,1.197246843332245,-7.261000049891561,-7.568114042576864,-0.44918439267705423,2.0847848000901568,3.2807034053857156,-2.168782281675041,10.890245037327642,9.208643673397134,-4.273266545604548,5.829168586353612
-2.8272123879354405,-13.087862705748224,-9.053219918424102,7.223565114477973,-14.494987950641221,11.084540517058514,11.186072579156173,3.1111914162090133,-3.063821259102989,-5.572982322180665,6.000840080265105,-13.975928406887759,-4.266464791938548,3.6834855284027066,2.479867804204985,9.288281668196849,0.03015245869594807,-3.9175739681187465,12.41487644576286,4.204508001578301,-3.5727926844052966,7.91775788926447,-4.043707646606899,13.608155645156998,-9.186199481065751,-6.366836584937632,10.968931737392664,7.332755275814941,9.869119636225022,0.4950404591594326,-7.39137522800219,5.761745244910658,-1.787106386625299,10.33862874472374,-1.9693004077295764,-1.5501395201360677,16.902938587701254,-7.050668843787853,13.337081012085047,-6.5618885401008376,-6.680922136998651,0.3655817530090091,7.773599148913174,-0.6891850370499261,2.2600251748172857,-3.3117921600254605,15.829972971748052,5.041941205061625,-4.709117562751385,-1.2712933731967004,11.24280489519001,14.335474065767123,8.223030479780036,-5.30414361390003,5.544839535423226,4.448553889834843,-11.338064583011793,2.7808968996386416,-0.5395823807408946,1.241056288297312,-10.544900696809759,4.3241423764200535,1.9466259631030405,0.9119838782729817,3.7865750097855724,-1.6501242696144605,-6.866146370744807,10.169931366931165,5.72470450536427,-1.088174289672232,-4.9139741328399955,8.1567693743698,8.442368466976735,6.748382789517232,2.495155484294651,4.459412310763936,9.358859626930055,1.4405158200059676,9.091229709641844,-1.2451693411518896,-1.1810533797754448,1.2403339272172051,-1.0817332800562043,6.973620002845246,1.2700904699846407,6.407161111098114,2.5972384710336254,4.665936096795809,1.6255521435078717,1.0939881670673715,-6.4994819304425455,-2.9771745237205454,-2.1923256422611526,3.2809630564862537,3.8238068714526325,-1.718414173478471,9.525972282731896,8.609057259168434,-3.0478116389851424,9.96527762730369
-6.7099619007154505,-12.36362443540177,-6.940373536543086,9.421554415540346,-12.940291343135822,9.27698586962314,12.060794753299241,5.195366002989345,-3.9161852697978876,-1.4851715369747391,8.993118169606113,-17.158642674744303,-3.86723321525567,5.492363522099035,1.9499485828774599,5.225334234938013,-0.8067478634402678,0.38603377173999265,11.701683055053564,6.625452073913522,-4.435439775111566,1.934399462102895,-3.6779362401484796,15.138248334632106,-8.982611674476345,-4.163801029369544,10.302616720082387,8.61367310182695,8.821202864066521,2.208703684918501,-9.811689715785757,0.7316880176075529,2.9259108197714223,8.85713715416551,2.057431843008149,-3.9019305280222416,15.29671917560043,-9.472638533538255,16.609588594285313,-6.709568629483327,-5.248510737129111,4.949943007641953,9.520227849722929,1.970882372501333,-1.5136335426994623,-0.7952436129997533,17.586300073232792,5.02385175253446,-7.004161601320916,-0.034962455414226046,8.522293617703266,17.29035849423254,9.410675771761987,-5.524105867039417,4.279766407844286,4.146598985962495,-10.985558168077178,8.127864143163327,4.572552905913273,2.4461867203627863,-7.6831059317277735,6.353325331446354,0.6983175254837704,-0.3288548620072502,1.3074300719732046,-0.03796695240915815,-5.2608257143135875,12.13241071444087,8.02537202348963,-1.6098703712087679,-0.10844415360027337,10.239056101293306,10.586352520536337,6.557165582239564,2.789737117132631,4.4339183889383555,7.324695837244619,0.7280521868141259,7.168645159898702,-1.5171562087835984,-0.013264734834702141,0.780547457146447,1.339960370100453,6.418136766014842,5.512925485297506,8.265036553389379,2.0678515803999344,3.9702923215603265,2.1043804156340897,2.0865848356391035,-3.5604837009303454,1.6442458966218276,-3.972375731379601,3.7521427512946013,2.6346540472196063,-2.1284392696506638,7.890396850546762,4.852489728663239,-2.1410668303454745,14.504131674815575
-8.074582995061611,-11.63116291387044,-5.367414817319542,9.256975147800933,-11.00034236608867,6.713879213193543,11.955795366765997,9.232764770559143,-4.141572971754318,2.793579316805972,10.158941425316561,-17.95721532713596,-4.59764202810462,6.162186912816695,1.9241573712649327,-0.45174231163472545,-1.7448706723749463,3.222464879270056,8.590334501020568,5.747800812879648,-6.3276772972908795,-4.340299421118376,-3.2709714326360153,14.328898664130929,-9.670963289081115,-1.7304989573399798,8.220899376374849,7.949564427753129,6.486593029497147,5.040062846002546,-9.812709374352224,-5.777783923161605,5.55006429971395,6.223156087799383,5.770068158481206,-5.171305298204617,12.761026230016903,-10.876137804294853,18.0393069012688,-3.9911802898688293,-5.506965980740599,8.716436421979909,8.972814591580985,2.781448900868207,-5.531904538933644,3.497053591549445,16.0922481541094,2.954680667932117,-7.90570378993963,0.3178615609208051,5.950089935570923,17.17441963997183,10.803078608183391,-4.628150891209419,2.2210332038003244,1.3790275841242816,-11.14937719585887,10.349422674813571,7.964755553013919,1.9319090761156597,-3.6047573259441164,6.384693828318175,0.9815140838773808,-1.9761362229003603,0.6852200094979098,0.812502993442831,-1.596967631829345,11.623422189437727,9.688477510936572,-1.6301443301746512,2.1567439131792616,10.474254599828884,10.949627956902358,7.393768417790813,4.037722191951873,3.9220601445327516,5.37220172545698,-0.03662828376353228,2.6593679521551383,-1.0317392152747726,2.030682343262019,1.1004605591785441,2.9302501390656013,4.267734673407215,7.668787797846875,8.421250719558458,0.05854840622485308,2.7126271078952837,1.7504013996324945,3.0184942420256045,1.109819206549259,4.029494514900712,-4.551854125820353,3.296679042919385,-0.5851863409137426,-3.014902570811125,6.694171383018189,-0.38464583259323826,-2.0755660664073936,18.188864885582962
-6.398454260396656,-10.6686923007736,-5.731567678435008,6.994202363843002,-9.122653220780172,3.9431293428928047,10.156845951904518,11.942281915608534,-2.3996959136294764,6.3687249634607666,8.119858040909634,-15.62020755238701,-6.717618508070021,5.498513206076677,2.933712385424629,-5.142869722838973,-2.546859878983061,3.033029893225495,4.179998712423909,2.04939684981239,-7.637111572347989,-8.339373999816953,-4.481574371362059,11.717798814274126,-10.94414950359231,-0.9104529751209716,5.626565784605091,5.927841792390893,3.6710670638381253,7.191192025852829,-8.218480856255958,-12.089391444541267,5.6199339654844405,3.542452007313584,7.129492170434191,-4.698859447669232,9.730776340587955,-10.280462194810962,18.22008085967689,0.019482717075691713,-7.2124962297182655,9.660603255008555,6.414489587585957,2.162905642664996,-7.878502489573949,8.386290236342157,11.869334424124578,-0.322043515465821,-6.947924365331022,-0.0002882747214609793,3.947506944109807,13.778407713419467,11.655366454568092,-2.710089876443486,0.15267527438472572,-2.174185180952712,-11.267427729183728,8.803092145300258,7.4500476830139615,0.6911544632773676,0.9411625205791676,5.183234243689195,2.4087380998296806,-3.470757272055577,2.0261027099983204,0.3764918770875878,3.648754591617773,9.259133865011094,8.967413359455662,-1.7331541639968822,2.4633961343231934,9.588150818556358,8.8766789319517,8.218742552922716,5.955480814649038,2.2794020972323157,2.989162438425896,-0.36856908158431856,-1.5790322458139219,-0.15214311107609602,4.312087643727319,1.7047146687361918,2.495690879669852,1.6063380551374986,6.211116242449856,7.627693861102449,-1.6440424630619883,1.4552989093957205,0.6332373983447337,2.326722271562815,5.993935910386448,3.848955116837653,-3.5616844322699936,2.4326211532734456,-4.6441113505098714,-3.7501374419696276,5.920090508944206,-4.664813316906349,-2.777396589116002,19.928639756585888
-2.504123807688603,-8.813075089234369,-7.900546090294983,4.009998733739403,-7.3136553177383625,1.8045155402676136,5.938995654102568,11.535012712257643,1.692584246676868,7.953247629093061,3.8366517726016056,-11.026430165845067,-9.311554094319114,3.321843938499799,5.207639082576351,-6.9424807966249915,-3.175244753146011,0.2697856790504174,-0.26070967521002686,-2.5397567762458624,-6.890954142607109,-8.502822831698264,-7.779868021429074,8.193874491257239,-11.978461859488839,-1.2881272481653612,3.3972617270000143,3.938710328450373,0.6705853784956619,7.247469853601424,-6.571383668833807,-16.198517794416162,4.673603688058584,0.9521036133658498,5.63875181393972,-2.3030711736315728,6.601534039739287,-7.60335913167162,16.857252076617375,3.415081874826193,-8.6339683062876,7.457378839842399,2.7593569155685116,1.7066085498315315,-8.186655255497602,12.48344306451754,6.236768373479995,-3.0896690931908464,-5.177245048075807,-0.45034750982160193,2.7492488825676906,8.147888733526443,11.555626942898057,-0.7168127094965904,-1.5799533215685324,-4.551308035093177,-10.198422022699745,4.707401014489132,3.68885070018979,-0.010030421013485169,5.217361098103973,3.8058535174891155,3.5926846028999977,-4.102962924538238,3.732661739670801,-1.2418890518658405,9.252724650203602,5.551808566495186,6.155296450230093,-1.9871350774266985,2.660249828976717,8.3281302972566,4.92572846608227,7.7552744338007065,7.110711695520538,-0.027464055765398676,0.256904987498082,-0.36636436470469497,-3.34351994565654,1.0509292481288801,5.815321530886919,1.5329850256683721,0.24421390754937722,-0.40136070190124,1.7849170583722216,6.511070006979655,-1.4080081963727138,0.7618069621013572,-0.9882513309835892,-0.6175462766948558,9.362336202249658,2.687998908375039,-1.5923474454022526,1.7778398591193372,-7.675004323279916,-3.601697016177955,5.212012558474463,-6.371782011265726,-3.648116149040603,19.333164997953467
2.1907868552227185,-5.867984817795666,-10.00854343543981,1.990262513437512,-5.554780443667067,0.7431174964139808,-0.18352381078633684,9.283253165021225,6.497867734846642,6.807580790134361,0.07203121385463279,-5.493812598926639,-10.439887741034367,-0.04932742017784353,7.934773052660051,-5.680463068516213,-3.5193870925727975,-2.8996588179180525,-3.1648300270734957,-6.184339501616023,-4.592731558366223,-5.3503162654199246,-11.511905824341731,4.088648495367607,-12.063186657542106,-1.4317076572683438,2.1074236853283903,3.5201896887725947,-2.126512977212323,5.651769115508757,-5.864340175235046,-16.68637912526891,4.808221489237541,-1.9196681686439696,2.690375521246211,1.2547788568214138,4.1006507642595125,-3.9166977010583652,13.94030697873693,5.108208789817328,-7.954515538550021,3.9379137678825997,-0.6333053956549715,2.6822360651024564,-7.782407018370764,15.031526927677321,0.7149039239246369,-3.617894947234959,-3.8775086935109186,-0.6537524480599963,2.2495552642474275,1.8634415795003623,10.796525233960686,0.870203322250966,-2.9439760490014217,-4.893660641968467,-7.298457767786195,0.16108308223426748,-0.3462908904214035,0.3139131450740483,8.507285109137271,2.926952841187119,3.174112720730944,-3.648865755248437,3.9988148506570917,-3.2523179248441307,13.513474969449746,1.28835044762923,3.048307521690261,-1.6111995616188473,3.7922201740635444,6.897789959693027,0.4318695833940047,5.368390408496541,5.936929601555389,-1.6605481611015327,-1.7650213940893924,-1.057610340415522,-2.5008507614421736,2.550892516881094,5.5447015673201125,-0.07290605664674477,-2.6093476495772867,-1.3200139840600056,-3.221122330174957,5.21078436745419,0.563839887610049,0.8770681188278058,-2.4613187150506235,-4.9108854834799605,10.178949834089005,2.564987157105816,0.32519319647329104,1.773550072992171,-8.775057485418223,-2.072793795553066,4.230408038029555,-5.774903997412526,-4.416443079526957,16.97692100153745
6.09643557040249,-2.6203761915682504,-9.884758901609331,1.0976975859663543,-4.396015225046085,0.034689707818789106,-6.502992093607501,7.724296142034206,9.437798164374527,3.7187881857667957,-0.9921457782250971,0.09651103031894603,-8.284907579032872,-3.448417470157234,9.704327750331016,-2.680254138957228,-3.8441139633241797,-4.307798223390949,-3.7423316636314166,-8.066867075633596,-2.7801818900234787,-1.1653343973135748,-12.761451492878965,-0.40351778510353586,-11.065842712294332,-1.0310654901346394,1.7977919434908713,4.9743375392547575,-3.9544916463572783,4.323319104423355,-5.822250101101286,-13.721325876966068,6.602006918025774,-5.06447943252971,0.08628239476674082,4.300180040440179,2.9037417258675813,-0.7827298482354843,10.742489895569705,5.3167982708031,-5.155678905692963,1.8528051431102899,-2.643484634766942,4.425184898498625,-8.324986500742558,16.04991579764819,-3.46652637541594,-1.6470511784974091,-3.6447041155705286,-0.7831129854510672,2.222702144682999,-3.7798343136339327,9.71288095167671,2.5316224688648887,-3.86023320232657,-3.836039616102011,-3.1138819973811107,-3.0979651045530474,-1.9674582422767415,1.467179774270081,10.545018527994152,2.573361308182599,0.7570217679102194,-2.6651136704922145,2.4615156435615786,-4.575018347703965,15.15162984468361,-2.39806217004678,1.330333129697899,0.34501960652805364,5.367689263468961,5.2841095162344764,-3.648311098020897,1.4723531852247063,2.2707925676263905,-1.4243428120737975,-1.915730483447991,-3.1493517208822763,-0.39427852560768106,3.5454082592579317,3.316714451299001,-2.7197041109914117,-4.6258689695801865,-1.360587536214823,-6.423443841795756,3.427286479568372,2.4691098054530594,1.4171597961720872,-2.6920853569477536,-9.010761924945276,8.366686221671937,4.336752097043938,1.4398105956999245,2.4065442996279405,-8.44277736880644,0.4724425309632143,2.9769926029051357,-4.617751373052515,-5.127924127437715,13.7894316692702
7.869584844728174,-0.7309753689051592,-6.86770270175562,0.10673436670097303,-4.421401833713988,-1.4513743233023537,-11.408091519909531,7.7893651381916795,9.373227666145599,0.8079746987762733,0.2963271822366904,5.187232558099145,-2.751784259259056,-5.556070008112851,9.641395720139336,0.20332287570768504,-4.908852693773564,-3.2622531734792073,-2.6635853506605436,-8.177915655523574,-3.112939701303764,1.571893284291548,-9.877011876541005,-4.4521908823561605,-9.524916031715769,-1.1411352410949243,2.0167688985519128,6.9076731919115675,-3.940341021730895,4.85891474963829,-5.2278992952732555,-9.057692286169313,8.771026916995508,-7.845701355858706,-1.3173753128630707,5.505443435017634,2.9191613521364985,0.5819553276679597,8.801116918962581,4.7140469545146,-2.401005778777307,2.4556011349087363,-3.2094255889335237,5.06269662716762,-10.192160588095241,16.233066695517923,-5.906204716136132,1.024611963001675,-4.336644578261341,-1.5295467649736647,2.3873602264119027,-7.858753578897133,8.029005874073322,5.021288579333863,-3.9604137261419115,-2.664298441545158,0.9998039294116565,-4.34983850256353,-1.1616734221460157,2.667425640337616,11.431469017696164,2.25652017968033,-2.776725212351026,-2.319445891922503,0.6436792782748431,-4.376291746997374,13.926198917824635,-4.525371239756745,1.4506250755471757,3.733734746937972,6.222471394113871,3.576820518510429,-6.854208047613644,-2.515779174144548,-2.3085581207735055,1.090380739764711,0.08578867326836637,-5.577315364814139,1.4413866498897405,2.7823339956397555,0.4219339348408349,-4.964508673488117,-4.740303141525101,-0.6872398273397863,-7.040204693132521,0.8186909599895018,2.3378720537164464,1.483434757784197,-1.0303219147930602,-11.84742521922314,4.859222262412105,6.8707028927046805,1.4609287243890203,3.2030998951513068,-7.692703129912847,2.550193013657107,1.8228761429459646,-4.420275620040593,-5.606334333577818,10.309770053847412
7.323865464868594,-1.5695929986957355,-2.4019419717532955,-1.4555331231088844,-5.043320415246185,-3.7355288744442507,-14.139484732589573,8.250695181732157,7.414585605354443,0.2584714898837424,1.516366523427318,9.15924831117375,3.9806180298348437,-5.756994790525982,7.947189090282244,1.4637125583891384,-7.266271589911464,-0.7860607641888082,-1.0619822751678702,-6.863586790354407,-5.441243323468353,1.6685690683355543,-4.204782842421923,-7.06770320547127,-8.309198657693603,-2.8152271075834427,2.1578890669323565,7.29008293757726,-1.8640548570523225,6.855199166849897,-3.0569381051785482,-4.761373659720378,9.573280002690543,-9.362296421358995,-1.4584627941756687,5.214103095618395,3.233810583366422,0.07577255052165066,8.329229959238033,3.393761932829462,-2.0843700473664812,4.688428058877477,-3.3001769319191396,3.510905635470926,-12.322793955440877,16.140284816735544,-6.981336750479019,1.9840611555883252,-5.192162269735392,-3.364515141952822,2.2723454383298294,-9.778543173536516,5.489767691729108,8.661566868681016,-2.840066319087262,-2.29647514898679,3.880832412357149,-4.090775277676336,-0.3370426468426002,2.6855173312089486,11.233074243075503,1.510829578900455,-5.747530667815142,-3.3699612951348685,0.43144667973180817,-2.555277997858394,10.460920208434112,-4.395531473904553,2.33411323033335,6.991151564404924,5.582716900788464,1.9280287832010954,-8.61795160409279,-4.898193677709839,-5.621027811422533,5.029135555619534,3.3490011309430674,-6.293109706557705,2.1749811732385,-0.21012596035732622,-0.9532282781599999,-5.171666578561364,-3.2049822685989575,0.525167171782176,-6.128274057094845,-2.1390616394947912,-0.4882753327730991,0.4268275498601821,1.705680592820301,-12.773653222829601,1.3591490648991742,7.91802988289506,0.46105531778424186,3.6494590194993775,-7.225612929059727,2.464237520427828,1.217100005290023,-5.144056161375555,-5.852174477523916,6.91977982211718
5.690164830009935,-4.848442324198283,1.2616594533173378,-3.0636486569269747,-4.479215876494911,-5.792063664252919,-14.485112614260235,7.688257431794792,5.523532102182076,2.6353425739987566,0.7865057780559838,11.326593039843337,8.749699577157758,-4.530847585611069,5.6570555482349025,0.515912317508764,-10.302258585216798,1.394177497100236,0.6388000375262264,-4.571389187936601,-8.170871182761566,-0.2647829763494758,0.8531453204618207,-8.292528023753023,-8.038287288837331,-5.967214991833572,1.2258845780701246,5.127755127777978,1.399459145149104,8.069098881832776,0.2923083789648766,-1.756846085021389,8.307051372573927,-9.037703504208181,-0.9017267230147024,5.191220576818628,2.718353159203601,-1.0551358640528892,8.258434406894676,1.091304225737477,-4.699476690159857,6.212982846371586,-3.978850090762275,0.19370999504228403,-13.444887663025918,15.428370210456851,-7.176767785959595,0.2571327028471104,-5.233059201429285,-5.680408587742952,1.49112509031088,-9.43980151513848,2.504745492994947,13.155064503586226,-0.7634752812632054,-2.804061702828962,5.13833882794941,-3.356494599000371,-1.9626164232594037,0.624122082092447,10.116161837926747,0.3631342179774859,-6.731940614004862,-5.524104454267601,2.0421681218150556,0.05291855336403439,5.887830628818087,-1.9926760620131407,2.33790809581184,8.277227486497319,3.3941217890258355,0.3358068937519765,-8.399853836926106,-4.8852320107505705,-6.299738928535074,8.43008515326355,6.498704210096003,-4.35229958492668,1.6813764156600917,-4.545192603148549,0.355787253386846,-2.883631911342951,-1.406742640754826,1.609108871589669,-5.714223178469754,-3.7210201585530984,-4.653180966719264,-1.3127561794166156,3.577776152699228,-11.509898491631539,-0.5377078988706255,6.056741430247925,-1.108610759825116,3.320753656747549,-7.230838120522223,-0.12053860395011773,1.399713411943754,-5.575325780371071,-6.553644157071354,4.13743977075097
4.445375033961033,-8.790945339888218,2.930132174423927,-4.478936850737888,-1.4020436999981416,-6.857629732288013,-12.699890213176584,5.993029644127616,4.836920968616722,6.383366463290807,-1.4736701347836136,11.405612805517904,9.465624361280323,-3.1103048842790524,3.6475639424492927,-1.890878478615424,-12.073308331094925,2.0704472256890925,2.4368237361019753,-1.8833515522774247,-9.794854025040552,-2.4654412227284688,2.624598368432751,-9.319145443574897,-8.580398485814335,-9.370343545518638,-1.8078634938910803,1.2197102586323014,4.434174285015685,6.749146955165369,3.162063032501801,0.18728944433716532,5.7932269812386465,-7.294547276153013,-0.9483514387252643,6.827819614237201,0.9091938346583168,-1.4196981751891102,7.408325036518727,-2.1412280063097278,-8.672846357725554,4.878779872605109,-5.388524312209993,-3.604815452107516,-12.78410963886642,13.429962460503273,-6.557550775320918,-3.230558401642815,-4.0616177987470214,-6.6717702501666585,0.039170538293149315,-7.165493143008025,-0.22861174148771113,17.585324054510078,1.1089093077289447,-3.5367505592610167,5.044873505781719,-2.7645639212058892,-6.279929265415977,-3.309497785445658,8.465513806032238,-0.6887938359922674,-5.284401786702404,-7.860442171322168,3.826327616522979,1.9706721428426566,1.2384872446843704,1.559081361145732,0.9145187335013176,6.85988122861635,0.00710769984886972,-1.2819775455628104,-6.61887614236182,-3.3913630251080544,-4.728538748880429,9.611305276456378,8.75288219250398,-0.6780763526947646,0.04103152259612408,-8.138065342498365,3.2951062820110035,0.37797417991340065,-0.5311851885155163,1.8886761943530044,-7.231959205471274,-2.275086536572785,-7.726965382325037,-2.531008692873575,3.402801992164067,-8.874654600157363,-0.17207280841757727,1.7580846262829959,-2.662453552929545,1.997454544109813,-7.55513975655829,-3.4391587554273375,2.1157589984017715,-4.58157799293979,-8.428857246754367,2.189464184438591
4.227843812010161,-12.107791602909932,3.125010579690235,-5.8802746802995145,3.4418253372614984,-7.32944558088513,-9.855217035903522,4.013024631494203,4.885779779924809,9.620764736497959,-3.287333055486266,9.772625068079098,6.225818208615333,-2.4798502386255796,1.8774564499499495,-3.9092730155943087,-10.54829545276516,0.9352668169520948,3.8378162744521784,0.6027413543619193,-9.86964424143927,-3.5427126149130337,1.1962325099200148,-11.364657021898037,-8.819948272959447,-11.621684623005772,-6.427495061750355,-2.711101286023197,6.528284312458309,3.2311336403899134,4.355858771906574,1.538415113500915,3.4741899549221023,-5.434493956089808,-2.5690498352599285,9.495354104316267,-1.3155965034596044,-0.44362918328276013,5.173809117882303,-5.569981319672163,-11.75489603332672,0.35803662375066914,-6.6413390945663515,-6.465397446048717,-10.355920998351264,10.02782870556253,-5.215575600362689,-6.996783122298285,-2.2494739341120384,-4.698334693623025,-1.9272003333443517,-3.355532905840989,-2.1738615705105833,20.4527872277805,1.7153269492790084,-4.0984342158602765,4.241538663475811,-2.4315351352735926,-10.899603451817626,-7.771924884756942,6.5772368654088265,-1.3446277369892263,-2.096426547565134,-9.29872890935029,3.6745232887846657,1.738092264379964,-2.93124448433478,4.367302391072792,-0.8874095082030218,3.7460723151441684,-3.919463101668571,-2.713552946745316,-4.7892750438989165,-2.57806899483864,-3.034188598004176,8.301533608289603,9.961421033394785,2.947523420976305,-2.312140434872879,-9.136962625534714,5.3762522995520285,2.0820439021095534,-0.9020789845837358,1.3435109511954668,-10.435379839245996,2.123367797013413,-8.20742656639876,-2.5421596095261965,2.0740305831104893,-6.711437795138271,2.0247450880462132,-3.0184039325417094,-3.817841567568612,-0.31380641012595056,-7.772800729164242,-4.745007954515246,2.717839341158396,-2.1070203562153518,-11.360704267211196,0.8848249681002778
4.974330828733656,-15.357470520956525,3.0868264868442443,-7.5995781506652005,8.007881739893298,-8.488037129796297,-7.400948802551264,2.6645022714785656,3.81455907174549,11.540619844469486,-3.0150980198710378,7.277499632306378,1.1286145448694687,-2.842600980266542,-0.4099504954572559,-4.146213619000196,-5.5567981909497774,-1.5940106845002133,3.9648504349573903,2.204119838290908,-8.934473666747913,-3.2535728080355515,-1.4266506400021353,-14.33678606998028,-7.557121701311661,-12.027891317088116,-10.114203997969845,-5.404057353991543,7.882294686581108,-0.9393933998982731,4.075366149291122,2.59847425273367,2.147619237280372,-4.654948281827071,-5.1669713355439715,11.205038095212766,-2.5248816151735998,1.7577007620041707,1.6728971870433424,-7.759067589414094,-12.52389379299268,-4.89911878175473,-6.638430433917414,-7.4763020705061916,-7.083500009852344,5.473384991250271,-3.9829287719192847,-10.04849556674503,-0.8366411572123087,-0.4398218432823693,-4.199438003944051,1.5590876239431535,-3.218206415751963,20.071816923857774,1.170589746859423,-5.166902380715471,3.4312601482286045,-2.1803711620311854,-12.719068107391562,-11.078139689837348,4.593558317248416,-1.881213505541656,1.2778841701261263,-9.00844119754564,0.5083165945390982,-1.2197015670259055,-6.172908083376024,4.744840442414861,-1.651361736803353,1.0209466995477494,-7.172498094043236,-3.610930861978515,-4.312128592126703,-3.9303208285644153,-3.579960577647884,5.344480979524881,9.582590351248566,5.246539686012577,-4.311334877090183,-7.9993759470286605,4.58861912768792,0.6753975180149491,-1.9689148155441165,0.26732308314791403,-13.949561805084727,7.538967029745494,-6.484647754957381,-1.8303277546465817,1.4869171608188028,-6.495523578073784,4.893290555969541,-6.0358161249787985,-4.588136531246618,-3.472584167826052,-7.399234206034781,-2.573597856060689,2.818725194720348,0.4949249197958012,-14.663538136329983,-0.26985159360379996
6.456719642870844,-19.28260278335517,3.2397948059427146,-9.99209140623467,11.100720327421753,-10.810552259996783,-6.1352240603919626,2.2483058965899665,-0.24320178101185563,11.729608284490117,-0.8632108941795714,4.824878165967478,-2.9471786705443233,-3.7968083689714964,-3.8446004899015973,-3.0507947726582394,0.8405103817489765,-4.5607506622307294,2.575223028002147,1.7718360948624565,-7.961382265575217,-1.8087897177871626,-3.54741438117592,-16.627644660217875,-4.875904913546548,-10.649517196883574,-10.464246331034964,-6.450935487791387,8.345278549674333,-4.376612766349704,3.308423302699805,3.7020856944638014,1.7330789510643574,-5.410757683958615,-7.1265527302915,10.774213331773145,-2.333037071613867,4.23680818641859,-2.4356763170142877,-7.468743552790877,-11.141832342660324,-7.295623844209085,-4.890717265485682,-6.80777540154979,-4.185888097225577,0.07258346650979774,-3.8388907508799877,-11.680136219687533,-0.512138740485067,2.9935393692211236,-6.253755309109121,6.6244230571115565,-3.8574773942896474,15.407273089362803,0.30482138229701317,-7.649187800667323,3.01962231745232,-1.8420694789117047,-10.639506929441627,-12.306628218831948,2.7995432628081005,-2.482642346221095,3.3451844334765894,-7.150896927191089,-4.840226268710365,-5.866376708829587,-8.09314865236762,2.3956121052069945,-1.0238608406459484,0.28227362852233995,-8.478426608532327,-3.911458647808064,-5.452587483114839,-6.610549076419697,-6.9255893483330535,2.04931540768074,6.895852363651493,6.01747142410185,-4.8304478390227,-6.975438358955465,1.01357562058089,-3.5068243997543567,-2.6757768303787413,-0.9923762835534436,-16.4126242908206,11.255391369586498,-3.83738442083028,-1.2510206395603811,2.4523813812305266,-8.269125945802028,7.125844671185986,-6.147020410665883,-5.437649765331132,-6.7710046133617325,-6.397933270528124,2.0262185584986927,2.525252998939685,1.4694455677767608,-17.94129060165548,-2.0007608377217077
7.844776202945548,-22.308858294634348,3.0319294989354293,-12.671625242910455,12.90567505736749,-12.831348837605274,-5.861041164920823,2.2070106565513785,-7.13740928726971,9.751166420238985,1.197519273111476,2.755622666145688,-4.118066312037778,-4.8266525161856455,-7.871576937664582,-2.2624064509909085,6.0508428165830495,-6.810954150468808,0.29579316236403175,-1.7131167411582846,-7.548876109276167,0.5855527352360226,-4.47957854109503,-16.461449293803625,-2.07321037563292,-7.957326777167816,-7.3514469763530235,-5.893378562761354,7.359249590730204,-6.283949158137418,3.2006756460546004,5.046089727579593,1.5713201082344426,-7.48099702912345,-7.2486842435519865,8.334946900805317,-1.5710464436908311,5.724529448006485,-6.311184530178759,-4.777478116723784,-8.857708803972777,-5.218139242139539,-2.024831299488495,-5.306405029297503,-2.6245078085082243,-5.340580992318186,-5.018086420639798,-11.303783431498163,-0.8896515383697261,3.016969805466095,-7.593280343519034,10.065904560228113,-4.591404217835241,7.0624836496725,-0.5292285913816548,-11.245372851909467,3.153416298314485,-1.7300114490167813,-6.6530437380709895,-11.779199425827915,1.449790563415899,-2.7370328656100753,3.6263705772090535,-5.181772547871887,-9.95567813060602,-9.79147865315904,-8.899384654176096,-1.2829022723383063,-0.10945275310879676,1.492320556273051,-7.410692247096032,-3.8440054665404255,-7.4951963192185005,-8.189893098112815,-11.240823740746267,-0.2840032128764989,2.6085450372144314,5.917403432360926,-3.383769985383704,-7.623549156019496,-3.3935952069636173,-8.690127995522403,-2.439451784009818,-2.123702535830626,-17.040370750564627,11.414458180776553,-1.1719539493616105,-1.0443258849372457,4.242987921239465,-10.801794635011381,7.876638996732178,-4.174055699602261,-6.876771860634231,-9.054790519047556,-5.474858981199737,6.536126518905347,1.977973526885988,0.6063082336501862,-21.486545403806982,-4.727318099436952
7.412626075695385,-21.49670515207178,1.9859281807174396,-14.33469842830901,14.177774889087889,-12.62674179793636,-5.802806465665094,1.6308387152669757,-14.277707250449446,5.747354005984041,1.4813104538892765,0.9975603559557852,-2.5086180408446865,-5.847642340661534,-10.664732565918397,-2.6878665686739995,8.714040649569897,-7.6818816284702525,-2.316214270689186,-7.605499713541369,-7.19030027134654,3.117382706099197,-4.1812235250399965,-13.436925589167203,-0.21743827913948088,-4.561602654228186,-2.7116341352612445,-3.9979493648968933,5.228204577904766,-6.528819018325049,4.464157634878907,6.446233645083817,0.9634701322953553,-10.17386415140805,-5.617003948704127,4.391669321768734,-1.1844671802635274,6.007743785209506,-9.11633600361773,-1.1138088782673632,-6.735286248994749,-0.28757750775869995,0.4445572036734773,-3.708056994125453,-2.863134437019636,-9.179198709927809,-7.08027994447866,-8.739817618139426,-0.6056270600902816,0.020277751097101504,-8.29802348774259,10.25613329790789,-5.201073392605763,-2.388774061141728,-1.46888664153377,-14.288741713879539,3.8821636590227957,-2.2996609681555724,-4.162532173210067,-10.741898803784935,0.514422569871636,-1.9616973620942706,2.6436370835334126,-4.672502057718434,-12.679454826172275,-10.69540352373086,-9.200886392154903,-4.459496858404624,-0.46784576251147314,3.45036876998867,-4.527605992689441,-3.587696309867299,-9.239057472671199,-6.874030270832843,-13.85082279431025,-1.0315396717060268,-0.9335764587651547,5.828669581566909,-0.34188313669241743,-9.874654440700228,-6.671522669159992,-12.679522816831401,-1.4979775658718877,-3.2021727232050576,-15.750844056639723,8.220347435373096,0.9911021125796187,-1.0554569971922363,5.6175182885567585,-12.455968705405606,7.032268782593555,-2.247963381060624,-8.678739608105086,-9.949214396871318,-5.4556773456591685,9.047185863256082,1.20299665489523,-0.4923756565591987,-25.937718773162516,-8.147811220618339
3.980348150934346,-15.614215578893855,0.4123598816127714,-14.164703655560494,15.453357495876979,-9.954380392225845,-5.477766508847048,-0.12370960444323664,-18.743272051573236,0.5957440763155963,0.5374346484609284,-0.08660011408441892,0.39209033248871306,-6.846837802270655,-10.88995740587542,-3.5971785488394903,9.175754035508978,-7.36027404485091,-5.23898370606012,-13.286840053325976,-5.7824004094568995,4.3167508389430065,-3.124092193289813,-8.619531874052871,0.8746665759399521,-1.2706554483013266,1.082538610783172,-1.421086064697242,3.065617925462602,-5.608336560744545,6.5210525020819885,7.647726444943074,-0.1662354735112368,-12.493373969446456,-3.390534574375481,-0.29706460928893463,-1.4637459640539774,5.86675594076364,-10.33639589758676,1.6181313767035155,-4.980579239305035,4.1506111002607495,1.4920523683887295,-2.6086844551295822,-4.544314655921413,-9.844651652980993,-9.17313959221839,-4.473186505339071,1.178369153995602,-3.4616597434083283,-8.58832783373256,7.231049326503404,-4.857899116573959,-9.705924652958037,-2.2352503478803483,-14.847775274322162,4.870437729510364,-3.783942925805356,-5.170529498253519,-10.350127405045512,-0.19346080997773962,0.09025523845394984,1.2994314297234415,-5.833439505409835,-12.622647440485464,-8.03993395797158,-9.119796432373377,-6.225993949658102,-2.522915216901594,5.222515347264865,-0.9725013943292162,-3.117689013152087,-9.481112128946197,-2.9807351864319367,-13.493779454238306,-0.49796636268303596,-1.6013192156752203,6.095668629563695,3.2844384962535957,-12.422751117605383,-8.22712157037661,-14.207714914803084,-0.22394011036821393,-4.403909098617669,-12.829994797627435,3.6058548126550387,2.2149058054487916,-1.2265230268901863,5.8474518812636855,-12.242541739799911,4.758355405087831,-1.8098466497655508,-9.658885210940795,-10.176007417535102,-6.644383102772156,9.531578191792404,0.3036482614841156,-0.6029010412642145,-31.386946618928498,-11.57423040134065
-1.478787489596093,-6.260685071009899,-0.5791116177697075,-12.74459664499408,16.445690162890926,-6.334798621438458,-5.411720472143546,-3.075970691127435,-19.12733386767087,-4.511055736276959,0.7189966213693345,-0.03939797206201823,3.0840735563209414,-7.1632873877127725,-8.931369841549003,-3.66843226903665,8.539137746044181,-6.314019995236075,-8.279142931854508,-15.76236356103782,-3.118365737275833,3.3432866793232012,-1.943202055992429,-3.2822976781680557,2.237582389408888,0.8811750226516617,2.7642846873430007,0.5827157182306211,1.877774358430274,-4.243470495852127,7.729596349350687,8.597342778690162,-1.257669762361987,-13.483201633531095,-1.7239266335274324,-4.519801675733263,-1.8962179491440616,5.968229209502895,-9.963812862087085,2.1797863568262614,-3.0855091189495374,5.687276883536515,1.545190572240982,-2.5410736412145973,-6.364196081405919,-6.989857494389735,-10.076704049171953,0.06707948004936881,3.7650586231194714,-5.087449547734754,-8.075805693150407,3.0551280025820033,-2.9919782942722875,-12.985534264545809,-2.024197097001233,-11.960138308670661,5.396330606879711,-6.381223131102313,-8.641227772519391,-10.645022520833198,-0.7639011445120509,2.509772643817809,0.337127023480126,-7.363548507956312,-10.635083972949424,-3.134540787996312,-7.964740637458128,-6.441551967700825,-5.28525185148846,6.56403983806803,1.9814220729079706,-2.4810153053800565,-7.874031736867733,1.1820897004239916,-11.190464728050362,0.505014405379073,0.9115168761791363,6.348410795964242,6.489332927717234,-13.18407927837918,-8.52443664046747,-13.419692733344144,1.3621498682746012,-5.438637987481471,-8.423894875838027,-0.39113225505203353,2.4065118430542682,-1.3462333665647988,5.38670360693347,-10.323557620506003,1.363271720452632,-2.3735925322120446,-8.617779158639143,-10.336059000519997,-8.574424154330266,9.337419479040566,-0.776208496416694,-0.12991854370326328,-37.12744746537108,-14.452873047378123
-6.501562667931312,3.277039719259996,0.31348796889331276,-10.791313529609209,16.192180545661007,-3.5904650778239082,-6.5446319524745675,-6.440857861581462,-15.983075854057471,-8.328410023140302,3.940905656277045,0.8379375007213572,4.997459451118276,-5.84925429593088,-6.280035489075008,-2.4436994401569323,7.581247942670554,-4.530215110936945,-10.773518580143255,-13.852131610182253,-0.10914543987849257,0.8377410027551744,-1.1411592528323422,1.7707654305435359,4.726048859919805,1.312775373078508,2.90005095437832,0.8811887318035712,2.0352889428419654,-2.9951249618277953,7.042531417861151,9.025031122802076,-1.6924040987907685,-12.730067886032632,-1.0881753709927584,-7.319366087585141,-1.718042714405584,6.702969299893694,-8.10661593981326,1.0576564267666115,-0.3994896270913655,4.671742270961268,1.7379760964282305,-3.4345793808976928,-6.7741883551695725,-2.331760310106578,-8.623501122626696,2.834738386983061,5.582698175756916,-3.9280457527699095,-6.0126605054374105,0.6181790583898984,-0.39836290002858465,-12.117840560048725,-0.637773272398206,-6.270131733387139,4.941910928492161,-9.712042719973187,-11.283100271385607,-10.80384756120949,-1.2363097635900488,3.5789608171538325,0.08866826368145797,-7.581028048455099,-7.699796439123588,2.166144286111661,-4.956488949564752,-4.921306363928917,-7.328649218654067,7.298862564828667,3.520603111605173,-2.000395122200582,-5.359869459219783,3.0274859546532555,-8.966780992760983,1.2796437239818377,5.281251812826592,5.944560191040703,8.627096091285296,-10.701313266923167,-7.922093600952934,-10.91368695039888,3.607956668615177,-5.8289427346378755,-2.5922888957476484,-2.8493688666149,2.1712253136565627,-0.8766180162892716,5.2176785921959725,-7.440161836042176,-2.2952839655176103,-2.314200052591918,-5.548816843684625,-10.134518151658604,-9.726756249020617,9.482945330866565,-2.225880673178813,0.03464118659814175,-42.45600237086511,-16.333016096883952
-9.371240499897372,10.0413321530969,3.440385334375298,-8.04081130209477,14.051229503813932,-2.5214759075615976,-8.746769184403465,-9.086963097477598,-11.577181340319244,-9.714986432768876,9.742209054742426,1.8690024385577786,6.385938147911064,-2.6594562395496926,-4.134523617888421,-0.41290443897531404,6.810727962534132,-1.649550165909547,-11.943268042857891,-8.939073510363222,2.543235456884606,-1.749894509450523,-0.774415450335505,5.80277179664429,8.29943256373488,0.5859679699549343,3.007345133901585,-0.16989151572808714,2.7237327089102057,-2.2263773550782933,4.849277063176151,8.532931943181296,-1.2599563923051555,-10.747647927116919,-1.5666010614806376,-8.495344892137663,-0.8706133653872725,8.324242194603816,-4.687194051287541,0.12081105014428606,3.09379937327879,3.59931387121239,2.5151716480316595,-4.38307826686749,-4.949365988474186,1.2944163355087543,-4.633783388728149,2.410754329977217,5.342071335623653,-0.5477421693653273,-2.2366751028014202,1.7958955389244675,0.7524766966546257,-7.78563640388395,0.7386374024062491,0.43153805647800514,3.7240771522697527,-12.42034164263238,-10.26805284809181,-9.947363397952861,-1.7155582562561442,2.591684256400713,0.5961786076714259,-5.717692160440897,-4.822877927740468,6.342562620864638,-0.35874771124087546,-1.5726966359112684,-7.470970133462361,6.972005013964229,3.503463247340157,-2.2319351684466033,-3.4144726388320428,1.6672759841459064,-7.869110736011507,1.7593524394145936,9.636671496879654,4.314429319444137,9.192523312885207,-5.8571798970277325,-5.904586182719173,-7.2165469154522635,6.959771125850583,-5.117571410987172,4.0986537438486295,-4.130642443120454,2.546977077778779,0.4510411209227456,5.286695961481557,-4.078593740705136,-4.983765753238926,-0.7210810879427052,-1.502411854394428,-8.955651137479919,-8.298752614649656,9.683262853001835,-3.6823069639827564,-0.3065723973399018,-46.891037178526695,-16.639299249749726
-10.126366268707509,13.268888764227738,7.718033313884895,-4.293221993441438,10.520335257114894,-2.602268948114351,-10.438567865610885,-10.286705433396124,-8.636459634308736,-8.066964228886354,15.246867137251149,2.7167352364913295,7.133247325044654,1.3923678105696813,-2.7003320320252935,1.8915858137837138,6.9687096118653145,2.308878489381155,-11.207170569136608,-3.442732118530447,5.246188098297768,-3.1999341802271113,-0.12498445427969207,8.029887934383874,11.840482894180198,-0.03863550141755967,3.7367886761769062,-0.7356374734924647,2.2180638493630527,-2.07171843920482,2.3032508167912424,7.425927084886718,-0.11090413602635674,-8.612861335740856,-3.0711121178599905,-8.021427021188316,-0.020171705937679585,10.593940415980025,0.07747422123908904,0.6821793086061523,6.636875475514595,4.35420530237918,3.2332561568059224,-4.273041657402647,-1.2463732412686963,2.4734790470483468,0.2944825033644678,-1.060960610197085,3.0114280068132318,3.276436720431364,2.362076179910089,6.0073210669910315,-1.3479052756966219,-1.0596983862906895,0.6319119251860348,6.057036531271306,2.472256992482897,-13.124916240088131,-5.59391370030617,-7.426425492108969,-2.155982338644325,0.922547795440114,1.9450969875949586,-2.161807854873059,-3.1469346796841267,8.428906524918371,4.265483088213769,2.718998402975977,-5.211192240800898,5.103498988347139,2.415772580674137,-3.3715735602382697,-2.6747863380630434,-1.8712831578481872,-7.427405363940604,2.4969039481194746,12.288417204824341,1.564735392696623,7.806330077992156,-1.092153797246377,-1.9073135847914897,-3.3802155278895363,11.413240204461498,-2.695324564634425,10.158811971591193,-5.250018109718727,4.031836314659062,2.083049044129268,4.519344118166758,-0.28699697330875384,-5.931792345092964,1.659814720887725,2.4500389937368334,-6.536900462545038,-3.7223918694018074,8.982721157821775,-4.437347671425903,-0.7050757235010183,-49.627375715506005,-14.916450879464916
-9.729522480328834,14.263921721674919,11.351817280370678,-0.3586172971497903,7.088300827277104,-2.4875835598555214,-9.931137317052505,-10.08872595191618,-8.201542493651555,-3.948177004888098,17.13961885446428,3.345540783288905,6.417909397462304,4.453668132064373,-1.9211268133549346,4.033156940308924,8.54322949821353,6.7750322527306395,-8.466373230076695,1.047562543613913,8.534090380697416,-3.3443748048186723,1.5191500533562121,8.243461668581464,13.739109759691374,0.4652661865605938,4.641748673271114,0.8036491829427894,-0.5968518366535669,-2.310769328407278,0.9838679127876984,6.324845586004655,1.5690196966634367,-6.791593551998558,-5.219568171685943,-5.5472388654686995,0.2142501329835793,12.80093159250637,5.0224725332838664,2.523754047752904,9.105009059419455,6.459793399399085,3.2783160104397218,-2.7007261542831946,3.0076111472306044,2.5356606146236977,3.19624733711721,-5.81204038019417,0.18495865927166633,5.584824850285363,6.245807211828506,10.29582517009061,-6.319484906627322,6.31672989403434,-0.9189127955973913,8.949012450528272,1.6213713238160894,-11.320773928927556,0.2945908818162253,-3.1586145428574963,-2.3016935405976433,0.6569537463532146,4.3006966274658724,2.208030089555093,-3.283495329206768,8.280296289808025,7.446107257620293,6.118313959074793,-1.0826533913917533,1.6364085645147988,1.5807092093142598,-4.736750892928463,-2.2525502814607936,-5.761962879945672,-6.616586842245845,3.8369150419277362,12.23575959872031,-1.2083910361727126,4.701369287337441,2.1702799713331062,3.0806204364017873,-0.8129012515113043,16.2628141189526,1.729984038281998,13.611593638635293,-6.608149597927579,5.940285987725612,3.096149469505306,2.417531793425484,3.6644228154963887,-5.421218905664027,3.123219040155207,5.70159311892123,-3.198728360217356,2.9527824147652426,7.0758677005763255,-4.511746926767305,-0.7049884390246617,-50.230544066711396,-11.413285573919548
-9.049260122584105,14.5091483205196,13.00969836414181,2.624074728811662,5.117548452557422,-1.1109259651724894,-6.927242189320206,-9.017861690043983,-8.744114388252676,0.821734331066576,14.207339934014767,3.644168234142822,3.93799177121903,5.400389061943517,-2.1124804687903387,5.2576011322468155,10.861182698927488,10.984990184878761,-4.308819515750186,4.42336958170911,11.514342837204667,-3.0656693304023945,3.6349678237449368,6.942589507154482,13.142005407490707,2.371034661700973,5.399409071798255,4.359272362454851,-4.764388268647457,-2.4397132672144775,2.2747257337874647,5.39723558257289,3.458403387385491,-4.764366553230172,-7.317440224067566,-1.002621202547508,-0.2525406359244349,14.255157506597001,8.334400907041353,4.437460485148159,9.428764377106805,8.08615835462848,3.099181107241446,-0.3089715108570652,6.660190055273773,3.645820830044869,1.9600094855509311,-9.164185102653667,-1.1372963715815962,5.680062336323163,8.153854047424515,11.533457121615923,-11.611949468243628,12.09199088205635,-1.933029492622843,8.673660082164798,1.1183755175976098,-7.3543330627323025,4.748293276483419,2.0017695354212153,-2.0360882823113986,2.294919486243839,7.589575040769144,6.2664565780251955,-4.298161474677663,6.378043996205912,9.381719527960126,7.178647317835683,3.491469023984753,-2.9225861830526725,2.520946293758651,-5.301021279985314,-0.6964158841712957,-8.391877091162058,-4.866609070816029,5.35009314983848,9.435826503899934,-2.8379277628791533,1.2295053887528564,4.409592081132436,6.8896520602086415,-0.1232576675426782,20.32253612740187,7.281579220170231,13.336768700530286,-7.608072048385131,6.854300385074284,3.2628124021096627,-0.3989723964671703,6.8381933924894724,-4.339828856240102,2.6315660929235274,7.7509826166361595,-0.06506915090798415,10.008249448093949,4.813871722857382,-4.438750099797155,0.1757680218741453,-49.59840759725036,-7.195505616565467
-8.43675795223196,14.314259476586084,12.610795913127415,4.061243623336553,4.982783870359997,1.113921663215942,-2.4603437714539464,-7.570275022624912,-8.38136031686649,3.985116265941832,8.289703758470239,3.3373196499667137,0.6743085304320329,4.816696101704164,-3.5199331372945712,4.905531922819632,12.125525860705373,14.42306669359344,0.03179274588173975,7.333132522928091,12.568332824351485,-3.086625547121038,4.737036722010723,4.629774079378446,10.552009293228362,4.979359372516546,5.92914404887689,8.135724968633355,-7.547117789331884,-1.8729534799717538,5.721052957775614,4.6241992146201065,4.994486645221897,-2.0509731823900026,-8.522513653836597,4.834839336754258,-1.0443205115404632,14.489017381957252,8.86397116629768,4.946784335282177,7.182942851804016,7.942634534345396,3.513943511396307,2.0085775528371785,9.610181712063694,5.960015075409054,-2.5165177969533845,-9.080088946849386,-0.13857532883418489,4.389105546360641,7.792151858203107,9.044040166083729,-14.344709405230326,14.468362091085437,0.03628393928448903,6.42807620010799,0.964620601615076,-2.1575751725511676,5.947196254483806,6.559251808315636,-1.698773748255327,4.060196071587733,11.002492839384091,8.475179487066335,-4.12563793107404,3.2067841360556315,11.282335516763869,5.939996845138643,6.825260858896985,-7.726124698063128,5.372841626854592,-4.45370756470999,2.5427856086270415,-8.938293332990867,-2.220341410689308,6.387943053133101,4.579347442573659,-2.966272907500543,-0.41678043855294433,6.645774297512469,8.001251791609324,-0.8064017862012838,22.3793757929388,11.64962408354187,10.256017137824088,-7.409051978503276,5.6736378122788516,3.2019938880926633,-3.1639443472733495,8.165632411164925,-3.318559060376004,0.9781355589576421,8.006086966423567,1.6109605090502548,15.97507070470208,3.24613334993628,-4.223439791102262,2.3481314523069012,-48.71434332465664,-3.668944434093609
-7.693039097114298,13.052428244964863,10.898935104962277,3.87493319822819,6.277104555054322,2.3674166688482092,2.460016487493629,-6.223610481488635,-7.3888389333434255,4.304663155741447,2.6683146535973212,2.457245603071073,-1.6849753585354816,3.893640032200529,-5.795843909477809,2.863062898356293,10.756294970371805,16.932987549105125,3.09293360912851,9.864940481132798,11.327612104180806,-3.1222270485369554,3.848173452367358,1.3198258739048851,6.985003977880407,7.217854738241247,5.6984279739501105,9.875338409170926,-6.863816968553976,-0.5348628074318311,9.08201142976191,3.9413623552308623,5.733181847786076,1.0932371384974902,-8.149719254231508,10.91299707026948,-1.6757758315147528,13.341562194275099,6.845502039421533,3.2365591732821297,3.1788851420007744,6.170255834767968,4.679459194059153,3.723477302030463,12.060279881363654,7.454538879502739,-6.7817678041392835,-5.574918366859663,2.574863104513647,2.9007431709751117,5.7745915689339204,4.873060629559843,-13.33325448974366,13.091037575905792,5.066053347590014,4.3116431260368895,1.5503214285557743,3.0384490621198825,3.2535355433277005,9.16221628725296,-1.72178741325663,3.6265769267597117,12.804774893517992,7.724943553742386,-1.8577926563542744,-0.7224786960390577,13.514979744225633,3.6090892698407524,8.012479414934566,-11.68954470952883,8.476020213262823,-1.7697512528478208,6.599810536496449,-7.5529718397996,1.1550914040445486,6.802416049406863,-1.1570546760036695,-1.876473488339923,0.9705590837745504,8.851767916755128,6.414177348397801,-1.8929786332007184,21.88665553938307,12.477272960628822,6.832962248832212,-5.782813700495975,2.3170506554475674,3.484918566558985,-5.546197230391789,7.30618258796166,-2.4635777876117797,0.18101513667899694,6.587123921305732,1.7498023559770117,19.850056193293057,2.756661025911255,-3.509361172410733,5.281275343228913,-45.916885517780074,-1.929319236097702
-6.381776929569118,10.562220993702173,8.513486591607053,2.703075072685908,8.143017814690987,1.1722468446230723,7.536565300786297,-5.02921808419759,-7.330453245922728,2.424846271849807,-0.6575599127691607,1.7264678576389776,-1.8705018406656755,3.018786814417611,-8.113978139818776,-0.5118008852425275,6.912756770916766,18.22685398854999,3.698833949257701,11.249219436900454,8.948404662738405,-2.4588009123180834,1.2764755595040747,-2.7580501257729932,2.9178855571453837,8.654378101543019,4.088971364258827,8.657201714770729,-3.3753342087467626,0.642578561222162,10.414387680010826,2.988399282544795,5.527147656689673,4.3415123434772545,-6.016105010727749,16.214328649598997,-1.9839472119286694,11.090306481105895,3.2303336902116824,-0.2886645952086607,-0.5859725561326854,3.883125868860837,6.360181527344345,4.484696360975418,13.570130718611924,6.2426037138533115,-7.605201895726614,-0.3535852594751385,5.436788932292362,1.921740973710101,3.2150402909561433,1.6533488017657079,-9.574119941180932,9.336591658422284,9.758987623803462,3.6378253273120698,3.4150615780396354,7.106226239267107,-2.0483462273194393,9.085507346016026,-1.9735234114408486,0.5190470428907803,11.429946056406868,4.573233749169225,1.1792828653584682,-4.426705706096078,15.00272237765446,1.2953942229786746,7.355515572766097,-13.771853666998267,9.891189987055169,2.811593762675861,9.76173266403246,-5.3078496566666065,5.082042573415583,6.6969726734960435,-6.331753303674965,-0.38930331145831765,3.9493564088686055,9.762576894527388,3.607035252697142,-2.4739980291503105,19.317637810329593,9.311515424495942,5.181934401791865,-3.5486247105646855,-2.3327784662496525,4.196561836800807,-7.308868777726728,5.03743752559966,-1.5783326832273072,1.640632550206083,4.540904963024398,1.480547509962102,21.19858066364771,3.302381416753086,-2.2149730538940435,7.572181670453941,-36.37197601018064,-1.980743827105993
-4.3065928637261095,7.958054199468254,5.702257823062869,2.057524356543217,9.607297441163453,-1.986611483091334,12.463279416398631,-3.276631395337251,-8.19510703994715,-0.08676794857201386,-2.0377018998107506,2.0693340555103212,0.024256603343822458,2.069411002505729,-9.38770703402841,-4.273770636316886,2.4430072791471997,17.632049965037524,1.649892713387751,10.841917646543296,6.975331556357718,-1.0707926847262381,-1.8716831002040464,-6.172369725936711,-1.4999771877674037,9.45792868928215,0.986141499675206,5.574717342556221,0.23849766185746835,0.6776500685294702,9.707798097438516,1.2247687907447236,4.499542952448266,7.733662320535087,-2.6561729808432792,19.49008639636461,-2.5151834710185614,8.321711882307541,-1.0208504335934903,-4.613152840712433,-2.0034047174955933,1.6250475745779607,8.328844380617388,4.123540395971309,13.613765111718072,2.216001457627379,-4.733933904092373,4.7380903484697585,6.816244243488066,1.759008490785313,1.117289281379378,0.7438004282231683,-5.036316584760011,5.48330648271172,10.423357800303457,4.038879678850739,6.578176535656498,9.499748009541223,-6.983780945853635,6.378173039107525,-1.9157683527318674,-3.59841340176506,7.133692836046101,0.9719564586415953,2.9434958344554336,-6.865039417610934,14.184576680251777,-0.4971310409909211,5.5843680199300945,-13.738016483340678,8.94868577435734,7.780389457186816,10.582966539645293,-3.6769182139255463,8.87260885000823,5.788832791733849,-9.843180406400275,0.2979101430717872,5.492285418417746,8.164607730312497,1.6848773563253334,-1.8811228261418385,15.554534829989784,3.8244531224070775,5.762484313569593,-1.9654882530654592,-6.795081932314109,5.072367766082365,-8.14518705681484,2.8623244848232554,-0.44734938432231464,4.864494643303587,2.5491231072019827,1.7678961583056179,20.125630514930627,4.439991423620219,-0.5666415237115645,8.316836735691535,-16.630382427973082,-2.645445752672066
-1.5969101016712732,6.728456877358097,2.523099761579416,3.2513162972640375,9.810034073868845,-5.100115897070886,16.124442238817046,-0.5373179124528583,-7.692669071252027,-2.266933170071235,-2.7571991747942572,3.72705189905854,2.950460135764903,1.3134141799337358,-8.91279403933153,-6.94630071343311,-0.44354770714444225,14.638057120683268,-1.775448526267996,8.900388503535693,6.2709402176093985,-0.17904388924392078,-4.434336008881035,-7.129857180623133,-5.735605988574653,9.387275791908504,-3.3800001995194746,2.530517673840455,1.5522816179260894,0.06240291995635333,8.626403314546739,-1.470065207933799,3.024312143238319,10.951201863238227,0.9784880895805328,19.917807176799855,-4.172472888465784,5.616692610404769,-4.876832777835222,-8.80685460595041,-0.5254400135887838,-1.1884879627700613,10.156434525753134,3.069479138334619,12.463353273140514,-3.1005422513121808,-1.0436575912400778,8.228471365918299,6.333698333754146,2.5649528819551843,-0.32272545697809407,1.976490858943937,-1.3601049640220202,2.8846798811360017,7.091185251648037,4.193401357479783,9.797436406704197,10.395047626944644,-8.58267624016376,2.1760592469308158,-1.507168748239256,-6.773396985517546,2.247787119557498,-1.4444117317301197,2.3934457991744593,-7.722863490079768,10.569110118107602,-1.423066260083534,3.383207699315122,-12.319601482742137,6.5498188601160985,10.558280815073731,8.9911833228751,-3.586512578680984,10.9923563130619,3.7052936165972516,-11.350005352814204,-0.23584778492613934,3.836434504813809,4.309114614723996,1.707828348757468,0.30174117054091587,11.156298810823976,-1.5549268422699534,7.570643263627531,-1.6719376591531443,-9.716205748712014,5.782487936049106,-7.955092150211984,2.0137844444295205,0.927202975336253,7.857493382048092,0.445961193701627,2.331534000124561,16.783030046682846,5.062206832653915,1.0182549709339475,7.836827374550363,9.851386676840676,-2.7902210064946873
1.4914293991460488,7.356531862691786,-0.8114690308465322,6.059755475398639,8.263778277005411,-6.2941445666839675,17.289840264732533,2.304280504710569,-3.5304076394207295,-3.86350914118339,-3.273481417981132,5.985269373017261,6.146208534088816,1.2205328680053311,-6.858695337082793,-7.335574785983673,-0.6855251039382984,9.838816680974151,-4.687502695953887,6.544140992798527,6.688351957153621,-1.527161487107288,-5.565474237788253,-5.074999743842626,-8.758661252134345,7.60562079866321,-8.389331038591033,0.7300558896032746,-0.2027255612033556,0.26945831038592705,8.664437737356131,-4.279048976721625,1.5920367100877288,12.804134828224775,4.265421382078666,17.920246761901694,-7.147977316294715,3.3401040296463953,-7.344176655563592,-12.135694299145426,2.143674235916791,-4.908295252842683,11.113782897221476,2.3910413769770527,11.270943114778825,-7.453920099620818,0.33113986671781825,8.65489051812467,5.05638071561241,4.490856499967779,-1.798585238099721,4.276606406154009,0.7023417365878961,1.094426975265827,3.6289414575183754,3.064014705077506,10.902140147594022,10.247579908899263,-6.096704571924583,-1.399457681565262,-1.342167955056325,-8.368399822650884,-0.4123647903747636,-2.3439965913001477,0.12963137289442983,-7.396584005129523,5.5455901582150045,-1.2244665985280534,1.439447692216405,-10.32391767381728,4.581824104285771,9.798107574207236,6.543500195576329,-4.718060170408058,10.000569673556747,0.7267539525874294,-11.257242286544171,-1.20041138498366,-0.09011752615924618,-0.05313243675000617,2.993140120200434,4.169890145967954,6.388995803229376,-5.090967902011878,9.513586952362973,-2.4872056268141036,-10.650835749724855,6.250907358327815,-6.942377098884586,2.716707468688333,2.127626259834674,8.744164762889806,-1.8088869926168545,2.402002114152693,11.400377393760628,4.004831534293359,2.037615506561468,6.889153924695961,34.34858794217568,-2.4447286427442503
4.398666383617251,8.854856899735271,-3.761231588190931,8.864669171164342,5.422148141424541,-4.843876231572222,16.000790280953076,3.3573795066682086,4.192342363580034,-4.572827892065381,-3.0778019086515513,7.579441381027914,9.157679876411622,1.6348276010516842,-3.934399966771549,-5.631029271833111,0.8259560769318179,5.201487563650796,-6.15007125495771,5.046736650024362,7.685733286630269,-5.559201601960416,-4.9705384639439085,-0.9201159512010271,-9.389660273974823,3.830792174078712,-12.80289009505745,0.11514978079275706,-4.112486691930889,1.7402586706872911,9.782842779345316,-5.955465854313655,0.6553707114584193,11.991631442651396,7.093201129551451,14.509727431067706,-10.37425685964794,1.8564655779612083,-8.445872434656696,-14.080792266591262,3.548884471029531,-8.670418160990222,10.598223931876213,2.880565537618906,11.43841156597746,-9.462097795378849,-1.03131811500145,5.520095738482363,4.26732018910295,7.541016415940458,-3.949504256942139,6.25844982005308,1.3857078863419374,-1.0350762699743794,3.8249523339066434,0.7241702864175178,8.484449136279075,9.347251127945482,-1.955169428711996,-2.470608787611728,-1.7195054733427912,-9.029357855926301,0.42364987581837976,-2.1147838128955767,-2.231727296292541,-6.27417087222772,1.4974020741050995,0.10761929176870988,-0.09284976677319845,-7.746040124911547,4.642745223517872,6.5628598607214075,5.157029311213633,-5.64595825304105,5.901907746474815,-2.4851716754067334,-10.319519371342295,-1.7695751460720464,-3.94347176132377,-2.667204960620096,4.146322082954576,8.958299596152584,1.5893600471332938,-6.458476213234742,11.426387093462848,-3.7453317711223777,-10.004242018009151,6.723443976613994,-5.635355549181374,4.320951387799464,2.445267771736571,7.528632759875627,-3.5115872570987077,2.1165096797646648,5.021114138943535,1.1976893746164574,2.193544446094068,5.832114977095115,50.44342837150838,-2.2793799080607817
6.093503296876338,9.800623097314368,-5.626017012439438,10.174271813683667,2.586162161182221,-1.221362211272889,13.5716765796932,1.2146931126984792,12.807025367230736,-4.369930895672779,-1.55802943054353,7.367267818212369,10.90965119526697,1.7442448932968735,-1.0505774014734626,-3.5507959737162578,2.203628789871866,3.0819735968469133,-6.521323761596626,4.876716574417453,8.82769278686871,-10.305387144064833,-2.956731045691992,3.795624217222488,-7.267865719636205,-0.7276290493641482,-15.333791922999085,-0.3217075226807229,-8.06584849373538,3.3145551320731417,10.526347811758523,-5.985975132491256,0.3387602966711536,8.133162447858483,9.452201389211824,10.157202276818452,-12.073812856495916,1.4791058417258967,-9.600381716265794,-14.324516857577267,2.760661702838897,-11.238814095526036,8.880977809656548,4.207169319836238,13.17622853331537,-9.716280468113139,-2.967928688531992,0.6428412616043422,4.227072691517895,11.135032918445933,-6.245993479891678,6.490928343144045,1.5160944189413317,-4.108176495140741,7.606228488958068,-1.47987273532094,2.9230160284954225,7.752896309439138,0.051891314373839315,-0.7540293041525352,-2.1426066277863494,-9.27521694013658,3.586114858274929,-1.1522189040954407,-3.504314347314935,-4.330813548164494,-0.16446474810376133,2.4448503510728883,-1.6829357558269482,-4.147615616826497,6.652660680325815,3.3976138074991633,5.518801294107419,-5.098163078623134,0.546466009226592,-5.2862697051910725,-8.816338364682032,-1.784527519767019,-5.903940099014133,-2.122468858006177,4.12701967495201,12.772767038445059,-2.692616035894015,-6.413248857106767,13.398603535155022,-4.440957895714492,-8.35405645871437,7.620844720580367,-4.817348745264539,5.914567380894456,1.315638432662265,6.302445176905112,-3.538834500687849,2.202085502106242,-0.6863157662946553,-2.0383908552947783,1.4768019832897301,4.662711319918266,57.77801475331119,-2.366458536207465
5.61301130771026,9.823225183610559,-5.754490870807176,9.86784579844447,0.7625815634440158,3.0964280556675234,11.294641216143898,-3.4764882968053294,18.991329001139906,-4.313384312161755,1.029824972765669,4.896041808312137,9.735434860130162,0.9525034898426104,1.204467568794057,-2.9043182281526976,2.3755301747351663,4.539844922672334,-6.709380418468298,5.585127487034936,9.411718357340277,-12.704582156959624,-0.14889306302787997,7.659755597449999,-3.60985793405503,-4.032630096092561,-15.306740197903174,-1.5428425589388124,-9.585359430817679,3.683154923427143,9.062613619231554,-4.932160357391269,0.14125735721328425,1.9820489036915263,11.246118030616586,4.922165375566323,-11.036790952650643,1.7942960055761477,-12.027010165921444,-12.59942930770928,0.9125467627447461,-12.106475490308007,7.065196713821967,5.233812939494897,14.710764107190908,-9.838820876182806,-3.2060356993164323,-3.1352128533134724,4.172898050942472,14.164297047451615,-7.375763918247141,3.9472490361276558,1.6840288344039522,-8.04546830628813,11.210222129922203,-1.8193883930586936,-4.144318736388649,5.2397274516147565,-1.9899901709727619,2.5094255566339267,-1.7323019332767404,-8.708088318799481,6.618619828615957,0.1738743752719336,-3.5502779704568495,-1.770514531359377,-0.1713133249157286,5.477404955054009,-3.4995782111041294,0.06321841772425829,8.767497330067147,2.1342632526438683,6.550465972349381,-3.2576328135172767,-3.1514481600881448,-6.6166264276383115,-6.595915064378283,-1.4272624035593586,-5.334336224529669,1.1718906489584044,2.5593257804548557,13.655864318163209,-6.081442574691458,-5.838303395855521,14.872920919457385,-3.4964667895764916,-6.182748649335606,9.039512535615543,-5.024194205719111,6.988374294593833,-1.0613701052866078,7.049704195209469,-1.3694106788104015,2.754472292329863,-4.51822532570049,-4.088820523283202,0.21001871926871585,3.2064052582466536,59.52303652463449,-1.7971762188837066
2.9426993399822914,9.583451888499269,-4.021182231866828,8.77019019402902,-0.3096386155222035,6.029151785429611,9.526073543386858,-8.468783661583664,20.978662495761597,-5.738734882103389,3.132966716891061,0.5764847911208535,4.512453024461819,-0.31858133575903913,3.1231552975439554,-4.0324081944174495,1.5519326216151101,8.087636684943039,-7.326562753356063,6.281889034662583,8.406271139240062,-11.236185906185606,2.9373052034189326,9.746983963754138,-0.2985069102755171,-4.807436699775069,-12.835359385522006,-3.2319179257963713,-7.553445671893472,2.8770115470059374,4.912657381186585,-3.6442000488102844,-0.7471213582804084,-4.5328675742925135,12.190454436533894,-0.44880998727367594,-7.582503708761093,1.6963173957886295,-14.947555752672463,-8.856117685088607,-0.18114138707198435,-11.644570393719372,6.019864953510035,5.052649301484367,13.701141870300754,-10.5821663875306,-1.4267314040186867,-4.263642306364647,3.348777910316719,15.366930191632806,-6.783616885092034,-0.9452836500725228,1.555012783988657,-12.14692427739674,10.698097673136537,0.4856452441494603,-10.561713925719246,1.9063467462199584,-6.262130435782971,5.644777919105078,0.07359200719184511,-6.8259731956738285,7.7771401899641095,1.4246314624460243,-3.090729487131057,0.34933410895548533,-0.49297866424295345,8.407937848161252,-4.978005696295836,3.35026364645828,9.07212885913701,2.450320752391658,6.246391214533862,-1.3626032377884436,-2.8573510768241057,-5.488947677325056,-4.069374385885478,-1.0171971767603551,-2.7422956239631895,5.284828253590567,-0.16500535657101278,11.24456550170811,-8.476448647640073,-5.092383319948823,14.689884185234039,-0.7290137944853289,-4.05891159379724,10.233543183338107,-6.036106018560358,7.795043802087088,-3.4041212920209656,9.349600566751867,2.02186378123035,3.137271917938851,-5.9070944942445935,-4.34074262962993,-0.7969367227571933,1.3923921278654547,58.59314493017835,0.5650462633480737
-0.7786947434157769,9.378203335695778,-1.303356521085506,7.278740489097413,-2.055451672419111,6.263410148577062,7.629890548018177,-11.751754763860678,19.22263601683936,-8.624767818494956,2.7615906220539324,-4.303410430428208,-4.2929122035521825,-0.8832606491649444,5.3205617222603125,-5.950710670987414,0.2965180318680063,10.496662702088074,-8.110625523776152,6.150335226263005,5.52758167764343,-6.877864053438083,6.055723054514612,9.921388390342994,1.7835955573337707,-3.3038067293517255,-9.094371736043142,-3.9369229207130143,-3.420408568657494,1.958791187806108,-0.11180175552493665,-2.4846892669751535,-2.943020184205074,-8.7679234448517,11.594169933977057,-4.182660941466537,-3.2505835802229637,0.17431691686026607,-16.109796850073607,-3.7404758691920077,0.18456819831620663,-10.71831570654178,5.603579640258681,3.7178098232651333,9.495240229246125,-11.055033147359103,0.5037903516291369,-2.993574165820846,1.7308343279241614,13.463874704639071,-5.0600953110317715,-5.936347299251981,0.18615943567503607,-15.186196339978006,5.287706448994287,4.543031874585047,-14.310335691190765,-0.7487108588356455,-8.399556072743167,7.636755884734562,2.864976008026527,-3.970073456993482,6.721776358077709,2.3145189532220702,-3.384687078239297,0.9234677291545208,-2.2904511421309097,10.095711342902476,-5.467410802468316,4.335171633150512,7.2675638024609786,2.615684738917945,3.6323545839112317,-0.05066465894332817,1.3610941711217754,-2.328907117245153,-2.350954988717912,-0.7656541741322228,0.4228732575804438,7.902124963984303,-3.1427922708733957,7.104150921394262,-9.621343304839165,-3.8338998008330036,11.705079070832644,2.3791358354916823,-2.678120152210585,10.016735893898339,-6.751467638453757,8.8109827568475,-4.162347766428443,10.821409603557875,4.538672728070828,2.9854838991851516,-4.527213861832431,-3.3931915057110364,-0.8078486227555433,-0.5103562223640519,56.0055013337282,4.9850426026952634
-3.952658198575844,8.497274210924278,1.0061706304110312,5.054475914566944,-5.562133899512634,4.3030321331456145,4.604682360335179,-12.405994456193774,15.228606408681229,-11.373608910397955,-0.9625506559795802,-8.023617404308936,-14.402773421168867,0.09273081762725022,7.680180068443061,-7.477970646520968,-0.9245467375364256,9.409330144480666,-8.417213753172911,5.009224642849295,2.014366527446936,-1.5130721547967907,9.089691420042206,8.580125341011474,3.1109274533818025,-0.808597007620968,-5.833011418332501,-2.7260971295980703,0.3791551796850827,1.4743787712303467,-3.6014709807792427,-1.2708669103481398,-6.480907233192527,-8.955655085611792,8.860330316257526,-4.876241554869951,0.44988736436211596,-3.222849165520011,-14.009961364484951,1.4867696365298668,1.0438876836227573,-10.022954534516689,4.778751146454388,2.0104673167340934,3.7746467618077926,-10.105646768928604,0.23057207601482643,-0.7845676060705857,0.12872905609038487,7.88640178451414,-2.9509907271648705,-8.726223716540948,-2.938931298609142,-16.15447039461974,-2.3040868751915555,8.197858004544157,-14.472623647618285,-0.857329693846692,-5.489274676555957,8.377503922165761,5.321462910367808,-0.9420739620406284,4.0150362619815265,2.7916390289747106,-5.2727056345417616,-0.024065558063567583,-5.014400935649126,9.649819902798754,-5.364975216084683,3.1957830201395625,4.3080840793804445,1.3327978522273385,0.18687004452306932,1.1000585305365878,6.413556743539352,0.8158376290137239,-2.1636983197639137,-0.4777686186005593,2.442305631911786,7.6494251398744275,-5.567010783222291,3.1916626572247266,-9.334171592828095,-1.5260654563905667,5.721852012933346,3.642853616937465,-2.565909368436272,7.958554900938706,-5.896101857051877,9.539069326923098,-2.775414797886598,9.475859124187531,4.205114224484763,2.9796570811771184,-0.7648854089376176,-2.338560703687423,0.012227113215369845,-2.395016571579667,51.11984785908626,10.443230870795938
-5.667425267926517,6.06728509598681,1.8594155239103047,2.118463326638371,-9.949155327894504,1.6934808103617405,0.150257563050594,-10.790161556528004,10.232150479285433,-12.187121870261564,-7.019303633959826,-9.425597637021058,-22.497894671263765,2.2535877029469473,9.229877582850417,-7.951135664151938,-1.4113640795496623,5.230358228715486,-8.512659986807327,3.174050098423638,-0.6226786693279371,3.532301838719709,12.009589154377403,5.954905618193677,4.382367577053563,1.0939521707318645,-3.7872481777093414,-0.2886648282647174,2.764943474690029,0.7156801453337326,-4.5219327554621955,-0.002123544193264326,-10.393669470969261,-5.499451224441977,4.470045468905209,-2.8295106314344896,3.055089780255206,-7.7201063542301895,-9.185634567911045,5.371619710907007,1.044630495488713,-9.793359324402596,2.4148477920612663,0.45431404569461376,-0.9005171692249814,-8.163792417067468,-2.8245762840131476,0.5855826420921924,-0.19750226665632775,0.04111154028153052,-0.9062997165457294,-9.03926383705759,-7.127659113229945,-14.937031667388522,-8.356326494708943,9.376447052865172,-11.928841368639578,1.223134157681777,1.1695203445548543,8.124732151868045,6.302675730561759,1.9765355636882886,0.5573629793282855,3.015939185147599,-8.015644823789883,-1.4669139448139081,-7.01624624078808,6.9848940278892195,-6.12362837079929,1.6748629524491698,1.047132062313422,-1.2090082881449393,-1.2347573988336378,2.471999057589393,8.360819448446485,1.6236641764732636,-3.118815204651758,0.03550503006476177,2.2534139742360084,5.17113856615007,-7.044103565076069,0.5100938251457612,-8.04126538818565,1.6495377644965523,-1.7333970149872346,2.239639288261187,-3.5956547459961072,4.946581685457195,-3.494908342726216,8.53675213079871,-0.1594440556824457,5.278677455153938,0.2910192346989502,4.028861653178545,3.8759470096817967,-1.9723647259607406,0.7496239223167482,-4.383766676453523,43.17168979570924,14.912750600778883
-6.045718807761705,2.040300967059623,0.683457466732897,-0.4462203971101728,-12.942574141779016,-0.34129363673437707,-5.039483959913089,-8.553008592616495,4.839233345050097,-10.388064055595912,-12.97688207432133,-8.221955608711077,-25.75463580945867,4.235711182424416,9.146109527997972,-7.48459620437776,-0.23604286523644036,0.48181970732601975,-9.520404073071088,1.1136516199277722,-2.3747495521875583,7.303907720393491,14.73593033630135,2.260692434866034,5.744402774174877,1.3963225423899517,-2.1600348446132642,1.6147019728944705,3.6980618657469644,-1.4863157822824382,-3.2408629171047316,0.44410963482831245,-13.07283624266046,-0.5786460379971945,0.008595567797550663,0.2326599282297548,4.856151089040997,-11.20904581348834,-3.770452794117863,6.350417776488225,0.08543700239923202,-10.047312789504488,-1.674805618150934,-1.1346515219893316,-2.9921979509287495,-6.956131422004381,-6.625688728505803,0.4611906297738244,1.3729816130948842,-6.863150666282175,0.8064398678507956,-8.538157509289498,-10.71443739845672,-12.095542874986233,-11.040441771542543,7.184965505283548,-8.718672943169103,2.7508712738626797,7.778132606476722,7.1160368956798905,5.970326533673889,4.912328006410684,-2.8175514034780393,3.648513426737182,-9.436976034713728,-2.4120767719264293,-6.628386491381775,3.162231787959196,-8.695451723640195,1.6396597048171997,-2.0008770226990142,-3.7649595654172545,0.9169459192501928,3.6714951287442164,5.766966626792671,-0.7782690701179242,-4.362906510724012,0.430741272096275,0.062329634592296346,2.7639941823928704,-7.350020019784198,-0.8375086021388092,-6.439397454422742,4.892376536596018,-7.860626357013658,-0.6888981899552675,-4.929346205864472,2.2887308387932386,-1.270991481776936,5.194869744486844,1.7413450658938812,-0.03750905637494251,-6.055075925422734,6.0573198321099335,7.445350963514905,-2.470044428322221,0.5394194044474359,-5.997259883826797,32.79210087073872,16.361141515167983
-5.722579200965528,-2.433358991401149,-2.4026045766380912,-1.401583050677972,-13.166855933881093,-1.2923694190470825,-9.669109331798856,-7.520237649122697,-0.7969031858792819,-6.9158246152108385,-16.39683013033853,-5.0088617241912265,-23.226229292418264,4.855427925618564,7.453462840435135,-6.535765488790425,2.815244156711086,-2.6331861465390594,-11.967536489817578,-0.18755198752140467,-4.4077324464004946,8.846085910494118,16.63583771425376,-1.789477303838324,7.161011301977433,0.46702810509192205,0.18976486116235547,1.6602041888585735,3.0097283335898264,-5.2719801718525865,-0.7171010683357109,-1.0301854716900454,-13.54562644977874,3.308311028088478,-3.0607908242889588,2.268963293858134,5.831180845498429,-11.713557312667454,-0.06273339492680208,3.553383607943399,-0.7943007028739318,-10.63140008490457,-6.5605744036320495,-3.025721195116132,-2.842878428420303,-7.492763976967073,-8.217346817208036,0.09793786932486204,4.186091381442704,-9.925891088662349,2.2104323352794113,-9.114910176537437,-12.067351265497841,-8.246179447004696,-11.070942834641555,2.1798735884701,-6.524808341168253,1.3426038201818344,11.403811302700598,5.342072608088411,5.693434857579421,7.451507310054399,-5.465800691322333,5.340776406234692,-7.699559229144157,-2.7599501442547467,-3.5161185054386754,0.0926593543216363,-12.739308957243658,3.4882517992781104,-4.449558823695732,-5.432922681070835,5.524939945053284,3.9599980072885463,0.7725374935291615,-5.297717297091753,-5.229698146451394,0.08466840922459656,-2.8400153256515246,2.3726227684916714,-6.292993367564208,-1.1782869722075877,-4.8939381867713525,7.711019174173385,-10.055521303015205,-3.23368842474832,-5.432051741758242,0.575361988570076,-1.0935123297765759,0.8030280449889291,1.2778333444456738,-4.546610021199803,-12.180121074169081,8.121575625636744,8.282187983261354,-3.696842084003814,-0.8836443129033325,-6.4209408039594384,21.816377076384505,14.268265405029409
-5.182244904926381,-5.752745296601549,-5.996201507433648,-0.5683487129086902,-11.32433101458082,-1.2160924089234242,-12.32568985670194,-8.194708314361318,-6.493751570642409,-3.8438513340704548,-16.265783863955356,-1.3545206876973175,-16.18995028824042,4.098574542705226,4.688623231838097,-5.095351725255355,6.359893693407176,-3.683535063158427,-14.97192288524765,0.614246404590721,-7.300291436907408,7.805619480843479,16.306907971439685,-5.2341775552430905,8.536713735794915,-0.6478252051638449,3.452952462539762,-0.13023782908086579,0.8963909234949848,-8.970735627007672,2.186623138942168,-4.15743391116462,-12.393865532765131,4.791233114895739,-4.538715080722583,2.012975800538426,5.4340472258220505,-8.823617872130804,0.8658139879026883,-1.7388223217673417,-0.7610322813082232,-10.90913053939136,-10.809664281940146,-4.976161779907923,-2.2528777636359747,-8.891435864128448,-6.564582194720578,1.4912775910820026,7.11002613802921,-8.487257355154078,3.5711333010668715,-11.370704864034083,-10.488548515735934,-4.158195698856199,-9.947984030222706,-3.7895422425525345,-5.737529627849563,-2.788136199351734,11.626727709828677,2.7251145436318227,6.637494270226807,8.552591214009453,-7.238260892296147,7.299250540808454,-3.1790454203064056,-3.228203222871385,0.6528369624374435,-0.7317454511156982,-17.214204988579098,5.777059830119787,-6.476356446272849,-6.424681277593216,9.714956249422869,3.227651168229293,-3.0017651595203563,-9.850681589207246,-5.090568634342361,-1.222127750238073,-4.834681869050319,3.6797604621123203,-4.022776263936702,-0.9905217795677637,-3.501676481962104,9.883117143685812,-7.508112044902337,-4.008298590117027,-4.2686226582865725,-0.11526703302742503,-2.959944267615504,-2.4517454872424023,-1.477652795114991,-7.430743977704813,-15.294213814118232,9.281620536049239,5.722395402782927,-5.449253806361757,-2.7969072498461283,-5.488624584909456,12.342560675135527,9.968146978772364
-4.3365406011603005,-7.110228921850886,-7.8874285458155144,0.9813454617712551,-9.38445110111608,-0.3858228653780287,-12.439942807289528,-9.516760432115102,-11.537255346405912,-2.7970647469755434,-13.218556214984435,1.1463569628823784,-7.407327099232354,3.0929919179959255,1.5351218993386881,-2.800636426685882,8.285269494009894,-3.39689063554117,-16.929116945525475,3.6911136474441846,-10.146293063591138,5.25130679019774,12.480139049404713,-7.335070067898259,9.583617193779785,-1.499340799222151,6.786788245855261,-2.6162472232805527,-1.5182799139534047,-10.128297061131821,5.143767312953531,-7.000907335985331,-11.101268686547606,4.047448357818695,-5.160380010037171,-0.4505781143873069,3.4340714899973914,-3.902835324073626,-0.3724064269919021,-6.139156736630457,0.12587323186311516,-9.971319415898883,-13.054188036447016,-6.538893992593301,-2.957167156130941,-9.379065966456269,-3.2830139181811866,5.337511776536433,9.294038719906144,-4.104572861896466,5.118376377539833,-14.039652662977968,-6.58453648158231,-0.9283308162988237,-8.213352922589712,-8.241474271252006,-5.753821896717109,-7.234642385140664,10.157738159549986,-0.0577572811635747,8.477197209660336,7.70247716699541,-8.679829547743157,7.468768946825403,1.5175295665298343,-4.261846292568813,3.237629104344639,0.3378789142379648,-20.49852896867658,6.5073592283802295,-8.76960904550544,-7.617361342562642,11.022354856672369,2.340797428537955,-3.622792376989994,-12.5705782684191,-3.707426185834617,-2.912383654443735,-4.528628263421497,4.363019961638851,-1.1418123545927465,-0.5909677001718209,-2.3777495381406055,10.758741228563713,-2.135472425939183,-2.935401424365103,-1.4005987928189747,0.498207948178071,-4.849388223231632,-3.014389151099841,-4.72066469060484,-8.914888749791993,-13.796510105816509,9.076566077145046,1.1357951184526276,-7.320674634854343,-3.5546781513545036,-3.6276315887559587,6.4519488255187465,5.6190231802788775
-2.5889991853503123,-6.605821621641412,-6.831338225708873,1.5874426961603998,-8.88242479072103,0.992422769502189,-10.791201597270383,-9.948390691818217,-14.615601723836475,-3.8770597774264743,-8.718302414401862,2.146057140005021,0.15628033848249423,3.085967154268605,-1.0043151792125364,0.1484063829656166,7.8062172808885,-2.706385943402038,-16.515738578636828,7.177453870512515,-11.09831501767937,3.1236379083325505,5.642641489191731,-7.704663005617461,10.148197527493721,-2.1991021577545555,9.027808680814207,-4.413186377433628,-2.966440649859956,-7.636387579187723,7.926810556382717,-7.645089305571263,-10.622087539720578,2.287628566414557,-5.322126897640595,-4.010167290377879,0.7254929997394715,0.7285038899134941,-2.048408080471215,-6.356479853056164,1.0489669830027997,-7.599177221045656,-12.554640362587223,-7.465194508251675,-4.903930576763728,-7.978358073871585,-0.7509022866949682,10.007522253894523,10.252736470201462,0.9541224546814142,6.898761619460453,-14.887192998029535,-1.5292064691122473,0.6959585351321844,-5.493009428428816,-9.292823543514226,-5.775473750034454,-9.675082089698765,9.216451367058575,-1.5428282149221766,9.563382165967916,5.510653015294339,-10.420362562122364,4.795003109958653,3.8611774349325745,-5.344427481832063,2.4541596306546714,1.400923543529258,-20.15911728846435,5.059359560460338,-11.351624558017281,-9.588841722380634,9.154731169812012,2.4386962333462368,-1.9144251091690787,-12.585738050248084,-1.7742105217963777,-3.96755644063403,-1.5131078066906156,2.5680381314876066,1.4432866534779074,0.03432017951315203,-1.863611622963202,9.739613169528436,2.6526014535479616,-1.203672678880358,2.479194349232155,2.3161191145961872,-4.787569844867173,-0.6442358179550101,-6.44288145712847,-9.532827388176855,-7.910788538218416,7.525043297047925,-2.5711203039188093,-8.783587225731624,-1.8507114076605775,-1.2317385282225588,5.570038797834014,3.1362637028881557
0.43607367496540306,-4.449418302217216,-3.650395897761661,0.23238412091387972,-9.693117209690518,2.4735334205113855,-8.576972605957199,-8.514619929731062,-14.582299568293724,-6.251613147830483,-4.393758384140035,2.4167409611030357,4.760364886424651,4.122902153433877,-1.762238552103334,2.7733301184504766,5.901895784751629,-2.300488495365504,-13.01651871817328,8.775672060020149,-8.851276369322642,2.6735706549308142,-1.7312803239373515,-6.369418743225902,10.20655440327275,-2.8253280885695933,9.028176694798052,-5.007162996870333,-2.878490277957559,-2.7870389043337136,9.532285639150137,-5.864359302033007,-10.645400117427187,0.8772650457791709,-4.611872923806972,-7.2655477233547305,-0.9605403511604914,3.1630963414149633,-2.703675157055011,-1.666038621043425,1.1186876177313319,-4.7891641626484445,-9.652825767975354,-7.329635458989909,-6.190043595662322,-4.761760216533848,0.0869285081818516,12.715466783478561,10.071455484661819,4.882957393980406,8.851297211659247,-12.816227905762425,4.0790414066311715,0.8891902136803931,-1.7017963088447057,-6.598929540625592,-5.25484168342625,-9.6673188852833,10.032295558333194,-0.7038211386428579,8.37784561783384,3.072047157500236,-12.525964557975502,0.578688740597451,3.974438902620803,-5.667235857282833,-1.3487586604521513,0.9014684084568172,-14.336657502010123,2.654927583341876,-13.065147206444307,-11.602371703832883,5.862995042526977,3.9789368682069215,0.10840738135194444,-10.230573757428338,0.005005994179524187,-3.77638970502231,2.618610815766058,-1.0315995649525398,2.863910872901428,0.7956617063064463,-2.3307385210686276,7.407380202776812,4.880069685764873,-0.2169178949290681,6.479204504724683,4.372409211671768,-2.475246815265406,3.686915703726615,-5.725764671282162,-9.475148056439947,0.5052527860990064,5.23546632734922,-3.3002762572871744,-9.332227947711969,1.9533747581376724,1.4460920217307873,9.224056358025152,3.4857650333329104
4.165875672729705,-0.9998878237799682,-0.5514603681984682,-2.4652502449370286,-10.446693759618347,3.4553669035126133,-6.5431250280372515,-4.979556352974767,-11.549583212160957,-8.972908292363865,-1.6089684353382563,2.722325615576127,6.509197029302179,4.869390175979861,-0.21320485268697797,4.0820482978417765,3.6560997820423005,-2.1674904077808517,-6.805995745598462,7.82308925647043,-3.9228576361299945,3.6176042078123887,-6.788003069439728,-3.3761235833251684,9.620447261252085,-3.32247392395593,5.9861514016225215,-5.17696272817492,-1.4607735934334998,1.7350123040212249,8.626110420432576,-3.2196985322246183,-9.990778736980921,0.5926782386898,-2.6741019254167147,-9.408996367220581,-0.4396117122383296,2.8446481942133524,-1.9525967200285066,5.624839457090909,0.24067605839579315,-2.8868004448057025,-5.412219213270463,-5.354044308578932,-5.002383507610472,-0.255360755796608,0.07515308019911071,12.1400536707958,9.028500925881902,6.52360624582129,10.835103477689794,-8.949308966964962,10.220546414518319,0.41147125537067986,2.2987503922990924,-1.5345902277847292,-3.939987794287832,-8.147117550806435,12.143314357942351,2.153150123154632,4.91845123729682,1.3895238796497087,-14.362793807916926,-2.6382703684184565,4.548029047837206,-4.928626277108353,-5.730898272351216,-1.2503494317608492,-4.124631210517996,0.8090709539177137,-12.715994127649575,-11.819169596106093,3.1097444397615837,6.314297065730284,1.2466107954263135,-6.422926157529505,1.9214677056626228,-2.6574446203609856,5.2305322871113225,-3.926911093170614,2.9549069461137245,1.1442248088536933,-3.503442108893931,5.191673396384198,5.150208197343041,-0.5919595943267628,9.75915393014331,5.731937928566942,0.9577577215127535,8.119800979224397,-2.9761027672685145,-8.48051978641746,9.102367300367495,3.3814923232672642,-1.4208060511861196,-8.532404001721678,6.0499823510343,3.9779247730453786,14.891295993287208,5.861874854428257
7.4511486637796835,2.6151167703678135,0.4625009187643397,-4.6911412473827205,-9.981096260970272,3.9402152678008315,-5.04569181635601,0.12178646674772153,-6.677827200497353,-11.190247367023854,-0.7738175601703512,2.8966331639593266,6.424286865183007,3.8490581340658023,2.9517083459537106,3.8599574004488906,1.3849599422790781,-1.7689641880944968,0.34604095110981703,5.12079462025387,1.5712526621183587,4.562146509101165,-7.930810580155813,1.5174889340447328,8.28275209372846,-3.492833799045672,0.5331007621020714,-6.000312725993117,0.4659695315429293,3.972400357254093,5.22314062682563,-1.8358959977875486,-7.725278133308466,1.7048701159399968,-0.13244166227402654,-10.725532289450282,1.6370011737944492,0.44363624967552173,0.2450287228645136,12.139161332141077,-0.6513118753273321,-2.130817574816155,-0.9448652980385062,-1.4301151767127198,-1.5203306654892863,4.665933979577986,0.44416033659293586,9.537606937765318,7.077830130516158,5.4089354784516965,12.364366786777444,-5.578778121489853,16.555511473383454,0.060082221716917905,5.222891651295592,3.5835931261290463,-1.9180039470830965,-5.85128528042842,13.898261475320725,5.483968135434456,0.5665630739304666,1.2345073494633745,-14.827101748900455,-3.2824690993727916,7.899687061530077,-3.150250461230623,-8.036541848763289,-3.8106378470720568,6.147933255050965,-0.0886348948283564,-10.34713062269893,-8.83580209919703,1.6180117541089034,8.270140834708748,1.6544841307280582,-2.029454312226464,4.369875850310854,-1.554029484717857,5.164815439980262,-4.285602206268235,2.4418835194700717,0.5330026367545282,-4.147529040156325,4.082352205313841,4.88859885714977,-1.7977750243326769,11.51929593979043,6.133746813423349,3.9236937278985717,10.708240256062531,0.10274626385743413,-6.446482331986113,16.198286979206518,2.826233947647057,0.6730678652815745,-6.318549540631977,8.479868136172115,5.868523665716384,19.38136842241637,7.905759915412693
9.472592220902177,4.972957454086529,-0.7779938118566732,-5.094821758012216,-8.047249754584454,4.456969126653956,-4.179649392770204,5.194369116513201,-1.0727379673407715,-12.388980552505384,-1.001837549705978,2.0516593351753873,5.418006545744018,0.7873257328998635,6.096234833361743,2.8438497814247294,-0.5884838784990629,-0.7849028077940559,6.158625692007947,1.5005730147830436,5.50853103909024,4.45707697217891,-5.500175227743421,8.129676164111943,6.2279550131030055,-3.2079893440023017,-4.92537202512411,-7.551850599036449,2.024466428811417,4.0996895929647765,1.3164827422407788,-2.7141597878493426,-4.095224068359733,4.265378982212148,1.6415775299313253,-11.899644034360623,2.9976496765947775,-2.5260933916105217,3.9600198405620466,15.909598102763088,-0.29159608442692875,-1.3347540665245163,2.7096669785534857,3.3487032960326264,1.9297841040648884,8.846762073484033,1.5495177980153336,7.007141022833949,4.264322272385543,2.3294565671978784,12.641889021918923,-4.375612191579774,21.90668728890376,0.22070663431677384,6.169815833087532,6.730877860797777,0.1884940636411283,-3.0415313369263646,13.930876959388833,7.699496419574303,-3.298310393588329,2.6857888558336667,-13.128686538871968,-1.7564713744191818,13.386108721884591,-0.15371840837481887,-7.642020619647892,-4.935049085278762,11.98020994202044,-0.535480886175443,-7.163461410726743,-2.9407450401887116,0.9666741776707726,9.133791787065537,1.961692685834997,2.030286817741562,6.751802427783248,-1.0844000191887408,3.5801720428888713,-2.421533650075138,2.369410676353945,-0.7596869521435123,-2.86622137649469,3.997251961511634,4.580015459815806,-2.512078259827687,11.239768774570006,5.68806532630323,5.312482912799266,10.898240249050485,1.3911230691754861,-4.125972429436733,20.81506638219565,3.2406085709076886,0.6590181621158995,-3.2354591270308215,8.248709428461783,6.910825471881391,20.516268380821934,7.590963620484676
10.034809062777958,5.438369749282458,-2.331034530792425,-3.9091988990057955,-5.088171025315289,5.175463033082841,-3.8349649541660282,8.250090475246008,4.465025108218104,-12.260011425304768,-0.9272513741061559,-0.04760247775476378,4.128029221262935,-3.284442320623236,7.698712526511004,2.1666034361327693,-1.8724793180884483,0.683708605962623,9.174966717525596,-2.47515772623768,7.028122396424303,3.7927469456114364,-1.7349894721086825,14.956701529633632,3.8531907157523935,-2.671034369393528,-8.116684366623819,-8.887211218093563,2.9212422449666464,3.768525742654525,-0.9059156458018549,-5.052078797894874,-0.3595691921452624,7.643439665149619,1.567211666064616,-12.784287060707136,1.6317663342930695,-4.102329109122659,8.547546381935325,17.17176636624167,1.6805261626574628,0.8801061330864481,4.541557287288759,7.808692172848234,2.6990514700095174,11.35568473760386,2.951138495139289,5.482065608130342,1.0924928184108569,-0.8379285801782825,11.255459508101904,-5.187573877274084,24.678901869522594,0.5923853815808755,5.024783452560676,7.140028329880231,1.4482677704143896,-0.20196533479417944,12.198298936036327,8.54170166395999,-6.432565168881714,4.687070221423104,-9.747826118025907,0.37966211346481105,17.982421808174852,4.1039863079749805,-6.146498165188682,-3.822244434454004,12.328418015925173,-1.1004645622469789,-4.460217354391428,3.8002369785358496,0.1851178822574875,8.91426449068911,2.4011167943873053,4.62553859371855,8.062867384255606,-1.0625240940088545,2.3446367925442333,0.09141755595011636,3.461127230133758,-1.7888516232498235,0.5184582757730843,3.8037696609623497,3.804901682765582,-1.7367616924296636,9.151297818006974,4.550769695998519,4.997024899679552,9.831290035822162,0.3084966317313911,-2.932703693972183,22.393685125531743,3.5368542695012106,-1.6685292062308563,-0.1333243927360277,5.94388512801816,7.019407233910495,18.215820709240514,4.749382260376845
9.259968937930024,4.4749442233357275,-2.353116308073043,-2.359469169235861,-1.9977977769555086,5.663873233969839,-3.6326593709858415,8.470927338765684,8.995257811486248,-10.085169758076514,-0.004284508720363345,-2.3397577453004743,3.0979122116685875,-6.880426979292871,7.322586415958002,2.5047142534022013,-2.6881965738087064,2.051356360314111,9.441523932128813,-6.018287019584967,6.353479120391064,4.007447900418632,0.5306864933639008,19.469077837152707,2.08937542965295,-2.193832612932386,-8.894136684857397,-8.986681500803476,3.2309398581785187,4.136663249353377,-1.1761600960908591,-7.333788275415619,2.1174989504114134,10.079361198945799,-0.5014940693173615,-12.561993832683125,-2.1939042841622634,-3.3046787957091155,12.506706845561595,17.223523362558375,4.4166818721315915,4.845035717206567,3.698939118520217,11.652157289615364,0.33152928449685737,11.885780348881246,4.469879909790987,4.747689307685526,-1.8993660141140607,-2.7959717190398834,8.634781254124844,-5.9143983855247235,23.905020316952314,0.8213684618794206,2.4627293291307564,5.46928029970361,1.0972882579650332,1.7503997049010582,10.185821037226566,8.594624981682015,-9.177892594149743,5.498895680197478,-6.34997473224554,1.8055320414302174,19.146683853225078,8.825539037422311,-5.679053932447792,-1.9015821618381876,9.98014224071751,-2.089119621430299,-2.62221618313306,8.7467004173475,-1.7800738866139847,7.914709365563943,2.8128137937082864,4.972091150183654,8.126696000543415,-0.8017610365953888,2.1015720885331053,2.2219580601263935,5.549087095048299,-2.044228528162605,4.584444185838389,2.1993870357544116,2.4047283398935217,0.24615680145270402,6.501294310901333,2.77542547918467,3.727276305554469,8.746488784268294,-1.7217842571840043,-3.771290235514107,20.97665025443043,3.0112715547333835,-4.550496432579027,2.0989016834413223,3.430441342010171,5.82876260426886,14.131475893849203,0.924368674291209
7.398282222367864,3.2457796963758963,-1.3286837949520978,-1.3046583570016026,0.2342096468089263,5.374057651291832,-3.0409919775726766,6.751907529354503,11.497781212024968,-4.794396388969091,1.2240329525911702,-3.594897954821923,2.953944416277557,-8.838669707898815,5.814699621748192,3.6493676502697836,-3.414824039437976,2.247107161508535,8.450115402885576,-8.245758220320893,4.154731449891548,5.869429063774395,0.1540163625200175,19.48477389903726,1.5397312929512315,-1.8114554580438003,-8.522013780963775,-7.6215954567550295,2.7825800897903123,5.022884598359206,-0.9262618829948908,-8.475356912169069,2.75516469233809,9.775526250824106,-3.682130704653155,-11.184542351359385,-6.293784616527501,-1.4237656080268675,14.451457060386865,16.811252859630404,6.8992768433272005,9.806643000367648,0.10595692148159164,14.87681475755309,-3.0322215724645973,10.99292267853512,6.43514213527349,4.249503755111931,-4.405065904252758,-3.706771347819201,5.724696084950374,-3.922844762677869,20.08163227704863,1.121147655947331,-0.5226390194515731,3.1052575306106664,-1.1894722619271842,1.8333907092121218,9.892365254378472,7.7434824160853815,-10.957104684309122,3.9048611314341564,-4.175289773602963,2.211135106112442,16.87249205196096,12.189637273543365,-6.749901178924683,-1.3814188759025972,8.444700291955911,-3.3004308178855393,-1.1545266647120087,10.365346363141777,-5.455217198434408,6.475584767975249,3.1088683276204825,3.482885603256748,7.656508535842634,-0.0024163755659194486,2.20008248592442,3.863296566931251,7.208903562700894,-2.06171516570694,7.23971605137094,-0.832589715307265,0.9816840017191018,2.284244593269445,5.020550194488059,0.36064912665988125,2.687656104878843,7.714814977307725,-3.0406131122906555,-6.119815174445025,17.160022361883975,1.7675955928171223,-6.108842006273072,2.4871450848017305,2.3210811423420616,2.996445782216103,10.068046375808706,-1.6945200360556747
5.073317685767117,2.9430493482303524,-1.2398170253360838,-0.3889293606006564,1.1958094829122108,4.188074779360742,-1.9878551172667418,4.853128797831988,11.606153150003442,3.8739420398225004,1.7251990277354037,-3.552017642989109,3.93489215028299,-9.002279798457467,4.8507612905887765,4.627657324606148,-4.146360980325785,0.5869007311273218,8.22962503815513,-8.83404797716625,1.5078381924749222,8.714874228665174,-1.5930341425237646,14.382276033232632,1.6499964529770579,-1.3925982057851045,-7.647278848837404,-5.581280958450207,1.4286288919557666,5.885906037856906,-1.5139750879423004,-7.89361943807549,2.29784737000708,6.706036805545007,-6.3208957814229345,-9.854136744040375,-8.882082485521602,-0.9555357060569027,13.936946584586957,15.501028642280076,8.654347719648145,14.459119540616538,-4.647513602406758,16.835703032023165,-4.939176062825105,9.660890767168286,9.004061848514276,3.4093967124767013,-6.082927052170936,-4.422766256888956,3.3107407797151627,1.4696567179979079,14.757032083450717,1.6673721065548686,-3.136847294501631,1.1070509941665276,-4.84319384014082,-0.3834772284686725,11.960176564569984,5.468789580923339,-10.333886305685144,0.474623016969823,-2.687602869163983,2.044319410816134,13.536966854906758,12.098000156855461,-7.7165237554712025,-2.656994253614825,8.848014498464929,-3.961069020565186,0.44946228054681825,8.930680947168717,-10.095007894751992,5.0081977841077405,3.2581779614647957,1.6650252752462977,7.2097628378258,0.663628748201951,2.0389887408666914,4.663101238435464,6.8751547753898,-2.862736154088556,6.982148523473777,-3.9567061764519202,0.02811044966396814,3.478722176930534,5.775971238966557,-2.3733134160800855,2.5597536159929013,5.840023676123404,-3.045920705025706,-8.216809924860272,12.015384664445842,0.16006665919810104,-5.540501181854111,0.7085510911499189,2.856407331845547,-1.0958422327295443,6.903887213852892,-1.6286211304853202
3.370234841373737,3.9905013182157196,-2.7959188567446533,1.527379151728272,1.2692510851357683,2.6011860729532232,-0.7900145559281961,4.397719255006298,10.005629983709436,14.161215447105437,0.8105899526152935,-2.854183778575903,5.27090908437648,-8.440340622999003,5.499139049404636,4.332024655452198,-5.0943441711711275,-2.4122623894181414,9.68480853410859,-8.147339073400161,-0.2924527669543522,11.19007808956627,-2.4900817862230613,5.786658164278807,1.4015394399988024,-1.1247769832009396,-5.734492472655315,-3.8651723742674973,-0.5819915699792975,6.761857706128964,-3.3661577949848303,-5.714763499373982,1.9991241326743703,2.651352159825649,-6.993907130254901,-9.749238839150511,-9.891893207978201,-3.3060026207174302,11.463277245279945,12.532434299856526,9.536143437870308,17.153077056735285,-7.7518301711916795,16.525498375911383,-5.0332195152099555,8.149325816764804,11.769700854092765,1.99460647887592,-6.542777242417372,-5.609241200893201,1.7814732127492725,7.887137470515075,9.161637419338707,1.8928289650115806,-4.6271723980587325,-0.33257769033443885,-8.267307823772208,-4.017660777933941,14.788861271350138,2.010475721464646,-6.810898957320276,-2.6676656101956575,-0.3457421619233867,1.7031988932601219,11.988085557153786,7.935953214207339,-6.604362867399251,-3.9363611466992614,9.704421784948416,-3.1613983783894253,2.487766440603479,5.889019209194465,-13.622658794330462,3.8706217852723825,3.175773863722439,0.9503918429994882,6.66791438719634,0.34069915301539777,1.4809540883575119,3.5741370673917854,4.7207945519965495,-4.655780489179801,3.9366302981978087,-5.648897137813101,-0.2098766977237192,3.8402456640299114,8.101124521485406,-4.637225701795785,2.7970313899733474,2.273616372783654,-2.001042435505998,-8.19400359410249,7.165942654014849,-1.844832793119065,-3.155194782547421,-2.1355182625039832,4.153520939990153,-5.308238113941259,4.762883335933829,0.7763406632149148
2.9686079035987962,5.725526972833922,-4.5804275256613245,4.812065654032932,0.7552850900861896,1.4573976784806253,0.5172504347019178,5.917263269759502,7.902307895109869,22.70036493088375,-1.0131321626365017,-2.364505280028407,5.811193638276873,-8.429769013953093,6.9286837805364865,2.504847053894748,-6.259769905570118,-5.6629572963198616,12.094608194077965,-6.599276782862371,-0.6706008600156261,12.72119758175146,-1.1816967684991535,-2.7836313732308238,0.3477629985104236,-1.5392068164712112,-2.124164961664289,-2.810106430325184,-3.0405160369518986,8.072672051405364,-6.262592096142901,-3.0110235230744227,2.1552329250492064,-0.6435466301286112,-5.760985200312671,-10.691885545049157,-10.295458973432273,-7.5133343856030494,8.082777172257305,8.270001563621353,9.76583198204907,16.557124461510195,-7.273603657616755,13.530735175776837,-5.2161814211780495,6.076640066464388,13.951757789869184,0.48894925862932537,-5.8078634035332115,-7.235790614534604,1.0329910470721564,11.626407303663298,3.6059758535588147,1.0492239881996523,-4.382977195561068,-1.5067162005916166,-9.757501347652273,-7.103935909103807,15.63861652955949,-1.6943330663986496,-1.8756375878514646,-3.8927058405563404,3.3776258940000403,1.0701797602687808,13.056317438493144,1.5279319754636371,-3.057008290852166,-3.3633456130152553,8.868162672858347,-0.6538006513921931,5.119922539338201,2.749753237364101,-14.208578702105454,3.206720803769546,2.9305033076629643,1.6321282962136991,5.734077162965359,-1.0126778501681106,0.2786199620347134,0.20281936656260857,2.4306592552696316,-6.104635424704345,-0.25355139622743295,-4.936917421559324,0.6555086325865429,4.168212780728387,9.897810749844137,-5.627431167788072,2.3630242157387586,-2.547406227322621,-0.4297003897010754,-5.540187731260793,4.059410601259834,-4.561593534938252,-0.38252141174442733,-4.500799514767968,4.795601048019612,-8.329453651419056,3.7437525742394815,3.6810079075344686
3.2437581526703334,6.939808269530255,-5.075736859520083,8.057260884683538,-0.8301374822732437,1.3568019863417318,2.349501722222344,8.396237362780528,6.336722094526134,26.697704684918754,-2.133464433026477,-2.0757412514332243,4.94524215746709,-9.232135847031245,7.4537490253649725,0.2208129704294588,-6.833166348281661,-8.431679862560824,14.286182439780397,-4.356199560500654,-0.3162890417345916,13.933189227946848,2.0082090622933952,-8.241750433309972,-1.4057860807136486,-2.700781761795363,2.7093235600005894,-2.1008445753611595,-5.789169710553456,10.154320075796369,-9.659127641733578,-0.9312839463713884,2.4272714401131488,-2.6271309885996907,-3.8539826637245005,-11.421353244098801,-10.711688141083002,-10.982520428490023,4.98150591021127,4.37291274835091,9.863783561550594,12.983618038228034,-3.513944699551472,8.561960702138382,-7.115242450736408,3.759603467518663,14.629538505517921,-0.40350614616260083,-4.507397840325883,-8.480700113226948,0.4496937978389588,10.540528299918659,-1.8692984572320661,-0.8140204632658817,-2.7835827538803315,-2.809333309286423,-8.765154026356655,-7.859307335965813,12.839132332642052,-4.695766239443073,2.0245675950804403,-3.2889499331027126,6.972073982568587,-0.2764988583531014,14.743753001580393,-4.050583756735934,1.3698588933264868,-1.0482241063331623,5.4448394117091885,2.6485969481426146,7.527681405585645,0.47098513385943974,-11.982412074905929,2.8219353301606196,2.6578459281167275,2.830986696003974,4.241793918368941,-3.01062647950622,-1.6292260382383428,-4.231564340163979,1.1865399393869906,-5.320073830799728,-3.913854843208238,-1.8413650322650899,2.161804651447458,5.234622645029293,9.443836944504369,-5.2399917833920675,1.094560244798822,-6.579716870766517,1.437367343130302,-1.595925532363644,2.6828785436703884,-7.951201159336128,0.7684934014267475,-5.750475929811314,3.3229307018909777,-9.459236469693522,3.8920631422035656,5.234341736862268
3.081373401951657,6.374640841030203,-4.482362961467064,8.967745683416137,-3.5449944524780985,2.2475635030515067,5.158501733186278,10.183119111141394,5.769675429830061,25.737587800625818,-1.2297126998750438,-0.8938424986851123,2.689577496280097,-9.976215108622567,6.5089848976809535,-0.9342611328017685,-5.962027686109611,-10.03499387342668,15.596672170269985,-1.8520237519502778,-0.5841178595022363,15.35999842679736,5.286052101038922,-10.065853044453226,-3.3908461965868817,-3.5986896680525886,7.084284694265275,-1.145002929912031,-8.284661658865675,12.731124947929159,-12.653283279460988,0.3332484434730718,3.215847627238415,-3.635831899257502,-2.2068082713464925,-10.682404121679546,-10.81288242075818,-11.771555563389292,3.1025078951252576,2.4635746795747093,10.03187480023713,8.37625422028476,1.469284749825107,3.42265157281774,-9.758484132361716,2.441279289795338,13.048541361669745,-0.4409668116050023,-3.2984204617491586,-8.566154044912526,-0.6651635152207835,5.718328670548534,-6.767532661935338,-2.7433642550592103,-1.370707747922549,-4.608346309156233,-6.084187478893707,-5.601200336214136,7.3875730089446305,-6.276631423681008,3.383396913884875,-1.8644178237586964,7.778736619645234,-2.3277408814678826,14.289879092513118,-6.413953036256541,4.535381921362958,1.2823499105335143,0.22005247001696532,5.075757677201642,7.993628167596956,-0.40799233948816965,-8.362976839489317,2.2631496598991263,2.360428986976601,3.2815009147604393,1.9685901430922201,-5.329897462206499,-3.5937384457897723,-7.7024899006094305,0.8543198655633167,-2.0186880664107933,-6.711319402457283,2.3854176102317317,2.2883908089467044,6.983634561313066,6.746646098862207,-4.125729240880057,0.035066394631116715,-7.675496202740163,3.5987212374611177,1.6132746216558727,1.5898634052760405,-11.355775660465122,-0.2536396443508675,-6.083791507795567,-1.0556212361047228,-9.093138442944635,4.684222858333772,4.77082674146554
2.0123808037654483,3.268680522212526,-4.164978792203717,6.377316824994781,-5.8093460133802095,3.4259189982271043,8.66837441074046,10.514773897272587,5.6067302726890675,21.614494534530742,1.51316020361102,1.6653306409531416,-0.33775898837712737,-9.443491412719716,4.7842163032904645,-0.44021685706697244,-3.858190537367915,-9.917028675794905,15.597018642722295,0.04164296303669629,-2.191556621593259,16.402968694877316,6.40262738312345,-9.768652556479216,-4.827935757223755,-2.9269409323343005,9.319230706348892,0.5971921753060867,-9.84725175087754,14.526048112305737,-14.217126821440553,1.1386958918742272,5.328576970828709,-4.238597777253732,-0.859820466810519,-8.008366818453293,-9.690558281550839,-10.093772302983403,2.6964516488773214,3.0521724837113426,9.813878317432236,4.849788334536353,5.163236102913641,0.18777767081949204,-10.505042256649688,3.1367948259925327,9.37650008388054,0.26982156237061705,-2.3781375969094105,-7.640458188986474,-2.785857339191841,0.5561387467760202,-10.154122832030755,-3.4156239515474556,-2.080425359684441,-6.838191749796346,-2.8163796322974752,-1.0932736078529968,2.2081789228255753,-6.005762735732341,2.819066854024348,-0.4104060152764829,4.241145806062466,-4.093851029578207,10.883940821232743,-5.141245634566783,5.3727295689027175,2.1399442002747864,-5.069419761187325,5.310960377957656,5.772200799653174,0.3496260466158768,-4.499114165258838,1.2495226491720046,2.0503201262438733,2.039946856054707,-0.6912162429647224,-7.205033104858344,-4.80659958360416,-8.54800133566896,0.7784753474916757,1.7156190059605758,-9.156929809762797,5.7263141744687935,-1.1431017514030373,8.411290755749654,3.2125160330193974,-2.8553086746653413,0.6164956532049781,-5.545439794181451,5.667948454601857,2.8949793254502154,-0.7709784327064169,-13.857432298641742,-1.6501558776503384,-5.742490771098259,-7.6677541771622675,-7.930951533707501,5.223237747212822,2.9875176015360405
-0.1542706820690507,-1.9946753972102398,-4.968617188681056,1.755558967429337,-5.514140588531159,3.905864866849095,11.252352408573762,9.892331378204785,4.548554086697518,16.605245454834296,4.504642450605557,4.447045054099059,-3.0196286479078847,-7.003069775997605,2.7725755932250955,0.9607308204243334,-1.4422617178468338,-8.458438700925052,13.688447930472224,0.5640143374500413,-4.295946066634512,16.114185124481438,4.349191146414381,-9.115534353614732,-5.432948711919205,-0.652895418551408,8.985655172553578,3.218060858528429,-10.054070152261046,14.024547362738064,-13.957981487373047,1.5456889239101486,8.511911439378913,-4.665509637253064,0.29700824628855993,-4.092402793472152,-6.390730598979067,-7.800254171666446,3.0629880160809617,5.272736218353702,8.353028423781556,3.4425574254226428,5.99250480244455,-0.29515732929148886,-7.729431180618375,5.948506395977838,5.246547380858644,1.3846547637823012,-1.6637927437622244,-6.578979401689316,-6.095351177431207,-2.0965691964196713,-11.530853184512562,-1.8017993449506768,-5.940564035045177,-8.963698894922686,0.5047221200407277,3.4602453464613765,-0.5465332439921955,-4.194148020235142,2.193349868413659,0.5859809215616771,-2.0619343853102405,-4.107807005456098,6.3484702004822235,-2.002439759960049,4.122445122203247,1.3435195700916922,-8.664688597676744,3.4031213888608534,2.129213391348821,2.449583066349677,-1.541946520350231,0.03385802796011683,1.7997510461261559,-0.7833969063275235,-2.1519659409479366,-7.633868882964871,-5.100752262538041,-6.409545155720368,0.34991832453101135,3.458163816603215,-11.081329119746751,6.484425726346929,-8.413642531454164,8.315350350897887,0.13146606464725474,-1.783784503508326,3.350162209360161,-2.135838091071978,6.7750893248100965,2.68548167210971,-4.974957301158584,-14.819604778605035,-1.7315415149297992,-4.617797721962047,-14.369487522953206,-5.990106797636074,4.887354347022354,1.1112831750708305
-3.8958284811232,-8.019591710281832,-6.504326878551948,-1.646627739400705,-1.9539671193870327,3.0573253539373804,10.61077202101474,8.882533563510364,1.9872911742276016,12.092707991806147,5.8144790138449105,5.856232823349251,-4.2277378789104,-3.093563054736103,0.12093243782062713,2.691742534967522,0.42160409638832963,-6.601812751468271,9.696078469526071,-0.347505811993763,-5.094728290600294,14.297319511568004,0.49784115714934285,-9.163821142354813,-5.82840330206145,1.7712034036372306,7.16998804091413,6.1779476187219835,-8.763997344587548,10.73101357921163,-12.561542134825944,1.3794837582371566,11.256640373126228,-4.571897298748683,0.8999354643563677,-0.4259795553587198,-0.704899481049484,-6.7404576621875245,3.122267677937967,7.050972703444098,5.070512476123213,3.647810932305017,3.9534760695291795,0.7771431152105603,-2.156049251881747,10.08027533928948,3.0305722047450376,2.3919827769458277,-1.3293186145082272,-6.2500943068177826,-10.204989880024092,-1.6729367927154173,-11.551539980564627,2.0951498634172094,-11.660934084558106,-10.329895230046146,3.736319378938881,5.378070679748287,-1.1338556259535677,-2.0115614002672824,2.5239475704949146,0.6909585706491477,-6.950543465935648,-1.8528934500985543,3.3921985862704984,0.36739662936421147,1.6443452966857686,-0.29413625189658843,-9.555183042295328,0.7661657468580361,-0.6574840633989554,4.954024332173232,-0.9320393448303939,-0.7675528474289708,1.571452159564904,-4.012582461762504,-1.3656974016935832,-6.290208032989719,-5.307293821951206,-2.899149612231035,-0.5481912713051746,2.6755780522927846,-11.266905096777307,4.359976490561232,-17.163718415899897,6.389108226077655,-2.3220390926228323,-1.7362088269639018,7.135889905321653,-0.21381254366093527,6.382014394132008,2.8130282657692627,-10.327449350264446,-14.154902831843495,-1.3771187480345994,-2.637830362611433,-18.49761527430581,-3.4660086616269004,3.452773224625828,-0.33452398448903065
-9.345824961432475,-13.20790713441935,-7.653712616860444,-1.6564584318591793,3.771955150354083,1.127404024549453,5.5357625396705075,7.30868027113523,-1.5480084232472953,8.467393632237243,4.589782384657987,5.2316979101014285,-3.403874002977564,1.11912285257256,-3.5232957631653417,4.951843059487189,1.1999161297257053,-5.040074122710017,4.802605275070238,-2.1089874862344735,-3.297750908443789,11.130054565782938,-2.4054402995996216,-9.799645509769777,-6.773431550293347,3.078089016678253,5.655719876604441,8.576362429859962,-6.3551352148227345,5.551037582888126,-11.203745077926989,0.7600346365663326,11.862853556370146,-3.656610998513247,0.7181031293211084,1.9209045232313757,5.869892240480974,-7.137817459651049,2.537622758060201,6.196983072996141,0.4576577993800348,4.023749160032048,0.1882184642313819,1.2982885599289542,3.921616672129238,13.584776872623298,3.821061665098436,3.1924118864455155,-2.084677157979171,-6.9450445038641835,-14.040094438835961,0.6987176563956528,-11.428357951420436,7.001879382797901,-15.842409343158401,-10.199085161812008,6.622392583855602,3.301085520936884,-1.5212284971141754,-0.53901735091914,3.3054687546355583,-0.1358292762326755,-7.112674802093441,1.2521262553145212,3.158676931354752,0.3762766139829108,-0.8072122074569988,-1.6708739006904478,-8.035488773072023,-0.8969087685156957,-1.040319312862702,6.8677086755415,-2.9051475995291236,-0.7107028299378717,1.1804909010091111,-6.785812799715943,0.487110015513599,-3.5650245204105113,-6.828794404719851,-0.6514150855955486,-1.135217296653471,0.6239008903716784,-8.690344545447234,0.8029614745358238,-23.45144167140853,3.3805460243228023,-4.360633035492244,-3.678969810828307,9.855755170458819,-1.2279926259035463,4.923298989551441,4.92557358610983,-15.22334146202017,-12.0196963934612,-2.7202018892397617,-0.19974333398161415,-18.273286164167793,-1.5318062247911672,0.8602881437990142,-2.046368593868821
-15.300456733190028,-16.221612851395527,-7.404461006348974,1.3354136698804169,9.408730343576648,-0.8967002316845378,-2.722223018228717,4.8235115226013985,-5.160185259873498,5.414302947049206,1.8257123726411437,3.148953242787277,-0.9216285367445946,4.400728578517868,-7.5135646043587005,7.724494960725466,0.952895882228203,-4.263863734191557,1.294408093369203,-3.9522124590757866,0.6728341170108642,6.729263853206969,-2.74885678423424,-10.049381938001686,-8.290803342728621,3.4955881001398867,5.520095625814761,9.665849680623413,-3.74266530061006,0.24731490182844684,-10.407506802779592,0.46365349228292896,9.394149865180328,-2.486003998766899,0.19503399958464795,3.0871931402424653,10.520859837594774,-7.422129233579644,1.8494285531243475,2.132693185115751,-3.855269608450885,3.4885838705736036,-3.675444668623772,0.42484824228558526,8.304506892590135,13.976050254788655,6.071850860482027,3.823041024437132,-4.529553695000753,-7.975740282703263,-16.332791415993718,3.2872083123238145,-11.755269617152512,10.918358530724989,-15.880720411051588,-8.359664198378178,8.833040273427574,-1.4903776861018179,-3.6460876921545475,0.19887794812813597,3.41375233597845,-1.4614836279833985,-2.9378950706471447,2.8095118712464453,4.3828168914270105,-1.7202125661721779,-2.14744263189293,-1.9621441014079801,-5.558481829439779,-0.8715564796191841,0.7046764857774725,7.584636135314419,-5.746311709004233,0.17512516212232443,0.44503366504511566,-9.114908283836403,1.1653765417943465,-0.16655544476659,-10.211190254822647,-1.0030133469343876,-0.5726820995077262,-1.1500446158871158,-4.103896026173732,-2.021245705905001,-24.368690985588408,0.22924308422238493,-5.50262918292129,-7.49428880342335,9.981911155596652,-3.9633870754826326,3.471468582630562,8.833010389653637,-18.01065090454438,-8.575658501235091,-6.117133112785395,2.141110950949116,-13.857210838666816,-1.1683894358252274,-2.827989665193515,-5.13510461314619
-19.709506675290704,-16.206885015524836,-5.560948926892525,5.235115245960946,12.462087920836979,-2.2605869751975685,-10.557391760504894,1.592604584290461,-7.94865891792154,2.436261416094739,-0.2556423344665796,0.7512219336987193,2.1258189249357264,5.822469608252261,-10.142038839499756,10.195049394857111,0.20418059750303552,-4.5259871080857375,0.5696056585760236,-5.27599116157473,4.287815731519488,1.8043288163235927,-1.1400116749121938,-9.320046987890734,-9.679560824930313,3.8956165641747074,6.356818074008203,9.348428988737613,-1.7297398014614631,-3.431795178591188,-9.75414437771963,1.5502723814575456,4.232111827079139,-2.087200550945538,-0.2867471887842403,3.882876653469828,11.127968489568701,-5.867662512370803,1.5180438543128627,-3.7074704301827666,-6.209399767679475,2.244196634955339,-6.132212526042115,-0.9437133726479527,9.963534973481373,10.35716598254045,6.762579896074,3.6473969961452903,-8.10437001272162,-7.991699440616802,-15.98710196545513,4.740828411682703,-12.110596275185168,12.016549759783064,-12.893547761627708,-5.957287373634355,9.999891106898232,-5.63193638108357,-7.710975771598598,0.8694642214964088,1.9218327519438863,-2.988566319416268,2.2319537830604697,1.745632708576731,4.685835685446745,-4.189865385572962,-2.215351216105689,-1.4492977196272254,-3.7026394219487653,0.07330554489343122,2.8027928686186256,6.465031551883941,-7.456752709328561,1.4542970441360379,-0.2906573229129452,-10.718629465796333,-0.5118661708823931,2.8652523594458508,-14.153877902462286,-2.9381794168807045,0.9450924153996598,-1.8486961999184282,0.08192837125543528,-2.9522435380891214,-20.23431368415521,-2.4989504123595223,-5.30307896926296,-11.839010413346161,7.849974965242286,-5.721228131360842,2.900973078021653,12.558796770133926,-17.753442243238858,-4.529411027208248,-9.548954584871678,4.123676629291264,-7.136314398022571,-1.7769758508046143,-7.083525934751588,-9.632431817634707
-21.247951531694227,-13.263009650250698,-3.101437853031606,7.868745953815401,11.561091741800993,-3.3514500070909277,-14.209579921079031,-1.5705426097922892,-9.1205717321857,-0.09181517137758322,-0.01757700175641097,-1.2718963470676947,4.52421029831155,5.09190466907916,-9.977586944535265,11.394047983413543,-0.7184789328624968,-5.676152541921663,1.8705239027863154,-5.938768685596918,4.483431795972409,-2.436763557643488,0.5905472463428053,-7.804492297192728,-10.25419189377362,4.361592087781322,7.149094495825442,8.121075031010081,-0.5572021402619365,-4.920566777481123,-8.888165999912516,3.9747926619476415,-1.9264521221596715,-2.718902277735315,-1.147809798033163,4.984296307457133,7.986877354579656,-2.248683461283723,1.338628528630097,-9.304311872991109,-6.309951537247408,1.7803613404707996,-6.604369983067448,-1.749638007593476,9.030248898289445,4.057109991489591,4.166279583879257,1.948785684012594,-11.242648128362928,-6.412908187986764,-12.491343980861537,5.0274844492356285,-11.673536806333088,9.533279622382551,-10.610834883259308,-4.547554736320752,9.417612666608205,-6.1399251214948904,-11.804583749198652,1.668111838164628,-1.489430587920574,-4.913616944851418,4.859062032651632,-0.7506938430206938,2.5504648110602055,-5.007336080023814,-1.3878387066311832,-1.3836062879577236,-3.062377515251489,0.37404393838927763,3.38595813261973,2.9548944335914937,-7.622635489804419,2.5436577944785923,0.08989680817378276,-10.635053921239322,-3.8292767085732606,4.668114932639133,-16.41470041063878,-4.123707028198156,2.2762681851006206,-1.6881735208760755,1.8800444802203797,-2.3979029520771205,-14.330065576883214,-4.38158084057569,-4.406029635567515,-15.207406589032287,5.313846423563352,-5.135520849043944,3.4471334155834974,13.969963280832264,-14.531581163215069,-1.3226210496903135,-10.661739776432512,5.755551837011752,-0.7609580609237883,-1.6920404129743007,-10.697962704122126,-13.755710792386038
-20.027831735474678,-8.619195388086757,-1.2080416811463919,7.985200457915932,7.5133311065542205,-4.9256556376311025,-12.676744194944874,-3.6252080800600517,-8.50517120556017,-0.8043034696732785,2.0978758072430597,-2.86231845502834,5.610001949181258,2.7997552570360043,-7.430107195270396,10.692513377370899,-2.0731426823410173,-7.324442212409495,3.4070884095521774,-6.275602580978272,0.06733873393550527,-5.56275648465649,0.4110998640425185,-5.885158786098291,-10.058064054146174,4.379098002185367,7.658318351487504,6.347962922976968,-0.011769969116646184,-5.089139551689235,-7.959593220179249,5.960911719017582,-6.660888845453053,-3.2561659948707344,-2.949889553975633,6.695857876635692,3.545662102862693,1.9174880160873835,0.6644801722194189,-13.37879051670854,-5.190797181165509,3.4628492895824103,-5.731173069398102,-1.8084635390122417,6.2775222893825715,-3.0690655898580275,-0.7618087087966421,-0.7858437486393228,-12.810574807454811,-4.028651081044151,-6.720028700717505,5.101557316588228,-10.340312294153781,4.428938890858825,-11.2802916550364,-4.289207494074728,6.5723906350293335,-2.567335187263538,-13.849392828206259,1.8076031165885897,-6.217039274369818,-7.15320381500874,3.600901384449047,-2.640381409833212,-1.5064820833626955,-3.2710131568931287,-0.1504132297060382,-2.5072021840781384,-2.9442668664080704,-0.8275766829598747,1.8940889685669262,-2.38914517629439,-7.161586528276574,3.0064191611333646,2.2035298999758575,-8.406354007085287,-6.615989588960031,5.410136843885937,-15.344408222297762,-2.8445020994714527,2.100408168825963,-1.6161794217656535,1.3442391434237346,-1.812021158126035,-10.446002568959452,-4.990937439325573,-3.903057110510976,-16.585339376681002,3.991791053760971,-3.222609783387626,4.6630507393097,12.227606696864326,-9.543519974783637,-0.16126184041816316,-8.855733267168048,6.772686048309661,2.975643681494421,-0.07444889081464501,-12.374348486391787,-14.998210387024024
-17.075546238970915,-4.1549057418378155,0.14171753195305614,5.35989678257602,2.9346348045942365,-6.808122094598353,-7.937667695685638,-4.243530040742892,-6.4927115920278995,0.871014970187765,4.026809686899812,-4.168488065747569,5.541180272891123,0.09599280209999139,-4.4860315334193706,7.978458746312169,-4.362904263431947,-9.117834640622409,4.232246369801975,-6.246085965043504,-7.554016071384826,-8.113360957104529,-2.9929480028526187,-3.739970233107979,-9.757238696785896,3.777684187541899,8.34536513564095,4.1293407614187725,0.3269089577312978,-4.939080773866718,-6.776670662196924,5.483307663842947,-7.787921168472368,-2.053481456162047,-5.250845644793512,8.828184470909118,0.5927536912109559,4.550222342523337,-0.929265530580063,-15.617391266913009,-3.829064746221933,6.566368406816384,-4.6708472322565315,-1.584591377352277,2.705180005955393,-9.58663257984472,-5.699113372459168,-3.0158975318480046,-12.912693073329041,-1.8001380481996794,-0.870210065809945,5.46989988375899,-8.759509756452715,-0.8836046371909392,-13.32371906031215,-3.8965023355069626,2.216683200725053,3.1163273107847624,-13.62449959481558,0.21375880923183388,-11.025443210364845,-8.587407978533959,0.007435984291236153,-2.9015487649244736,-5.627705942129426,0.26693773462167814,0.7706888919290117,-4.525179968272695,-1.876316591863682,-2.7918181712216183,-0.6855831191254196,-7.602515722083357,-6.791733127293416,2.88051187364624,4.908813993349334,-4.724184388655938,-6.84117146208134,5.974603020295668,-10.967846772938397,0.4479570289275028,-0.023602610737706087,-2.363500679768586,-0.060127425210000585,-2.693303738556816,-10.309544023556786,-4.146385714024346,-4.276685143957514,-15.686260216955874,3.787176428642015,-1.7695839200992276,5.47025412051519,8.062298603503399,-4.610318123062725,-1.2344314754815915,-5.561856684293737,6.382434550221485,3.3706415255905364,2.275385881938125,-11.460393650889003,-12.071878680340193
-13.419817711965983,-1.5505535545989213,1.6253747477233746,0.7443049488855293,0.41288121462392174,-8.192140972363699,-2.4595554858336746,-4.107255785504638,-3.368788294006632,3.350400287230379,4.197046721371875,-5.475359568091648,4.799371819274831,-2.0427723905118147,-2.7212384371495957,3.765138548096431,-7.541219845618256,-10.779699671309515,4.963404223346253,-5.059061013616797,-15.147688872321911,-10.524668351191004,-9.025000447936012,-1.5184163188257478,-9.757200461310731,2.7882352232515815,9.195841000144707,2.11473946576756,1.110589757939008,-4.725633855880563,-4.521616696228964,2.2062534797918634,-4.84662506234767,1.359542827561212,-6.643993155397078,10.782670544247516,0.5191990771551898,4.804080271884283,-3.113600011580618,-16.310368109259464,-2.4078600906727066,8.513448441464906,-4.061577049740863,-1.8127328709788313,-0.6916994147471685,-14.212306381517678,-8.780016272828147,-3.579609745736046,-12.152697200670847,-0.06179444732971584,3.011383907663138,5.508877089374709,-7.183710546409914,-4.279587072835249,-13.015364821222775,-2.178390514226717,-1.8216903866748348,8.271952940837641,-12.469327072258618,-3.170360784142101,-14.391452498135944,-8.095232286183727,-2.9336622231845104,-2.2043365404957163,-8.323851891520096,4.148205999509951,0.7874221138299032,-6.782214233976492,1.0836596263491467,-3.8806029839135316,-2.8354421951209985,-10.580450336792842,-6.396425880763699,2.7378294453929857,6.255496490070387,-0.8439553635562498,-4.382187002959586,7.073385084256097,-5.319958767994333,3.206169045362109,-3.112057960401617,-3.4451554385491905,-0.893799368446021,-5.309756886339313,-12.80383146368442,-2.153133860312029,-5.106887244562535,-13.055358051303395,3.4091201761406476,-1.5509416606962003,5.0318424736992515,3.185759000359904,-0.9794694080781257,-3.581216766076351,-2.733188998349293,4.136502347253202,1.7716199308686096,4.043685639525169,-8.48879050005828,-5.945253665432985
-9.185225658004455,-1.3760516059477839,3.15704828930973,-4.291431511660538,0.34893008177643864,-8.752310937868238,2.4992227483197427,-4.169614003248716,0.6989612797611938,3.98395788012546,3.080561757835809,-7.073046187198408,4.047364552575098,-3.3041184892354174,-2.246111815191891,-0.981648481215931,-10.472124272119979,-11.837177761751303,6.825687942319823,-2.444283632830766,-19.344152220413342,-12.50594635386544,-15.305537953328397,0.6132326839997675,-9.810709825446834,1.6755514755919654,9.38380013384069,1.6298092055446476,3.107734927559359,-4.4690594842753315,-0.9034263330923413,-2.1116923768139424,0.5291139025674656,5.67689851542166,-5.923445629880781,11.959992427929905,2.6054703698557407,3.501516775363344,-4.934962339497532,-15.801326007400803,-0.9578813205322982,7.311533071198822,-3.5324373738768386,-2.959161079525683,-3.017882373766691,-15.944721008853678,-9.15149659154489,-2.574090900180722,-10.920542642351652,1.1098503488272278,4.369059703865224,4.203496872716197,-5.245992274619843,-5.496057711637331,-8.193548373130733,1.0621302371986987,-3.6862571048638104,11.182839683458917,-11.945398144789095,-6.969670525929643,-14.847717815032897,-6.077611573539242,-3.2275679705315583,-2.1142232356494812,-9.386489406911563,7.358785723962148,0.17138436231574605,-8.463694904801242,4.963161216227131,-3.1451008402688805,-3.4745284415594755,-10.495494324673858,-5.518010151895215,3.091559972476112,5.381484428120565,1.9757102483558762,-1.039357687464221,8.745456119231928,-0.963952433874613,3.14996504897558,-5.509613831354004,-3.5338315613149627,-0.3144262313346089,-8.617442071928853,-14.996879613583355,0.3131087174132565,-5.322382238659842,-9.586337007897187,2.230094290893159,-1.9975841782995083,3.9477629823748788,-0.6047315429920364,1.3408097322565906,-5.404831274984437,-1.073143986212299,1.0216316699371306,0.43302037669899596,4.759967518060128,-5.4954977472651025,0.62006984756416
-3.775912639674533,-2.8187884745646232,3.8718749381554414,-8.085480859796167,1.0117542378829951,-8.575064269595046,6.639724722406314,-4.991323228404393,4.9564971836990335,1.3073985612103156,2.5457193847282733,-8.755482578530842,4.508770325918764,-3.9959810568905647,-2.25348185427384,-4.9764815137158775,-11.3867546080124,-11.502674189279992,9.917600847582564,0.8493454534698399,-18.50951942077601,-13.263406118003399,-19.52402025389191,2.6735798680640883,-9.555470777151523,0.6832388170642691,7.851499128990227,3.3024006976812785,6.654043790570643,-4.556861473673007,2.788855261933401,-4.832795408784331,6.284461432914668,8.993155423378346,-3.1518762710426858,12.105397164664248,4.94300194975942,1.8893833043563317,-5.371267947456641,-14.35155626097765,0.2796666594702606,3.1939219374511856,-2.417022362823273,-4.523156309860899,-3.6927032414491086,-14.346832834927838,-6.936509177093041,-1.197529119713582,-9.429259770768473,1.8512128635271616,4.0215010298348695,1.1428694210066794,-2.817410110714077,-5.493554767064918,-0.036198663583751234,5.132611100020243,-2.4737516473689087,11.761937038096297,-12.978082595726592,-9.231043479048012,-11.90706748547301,-3.908186345331876,-0.9934657047489115,-3.4740714194298206,-9.820586110986032,9.630889097316652,0.013973369979121797,-8.648021664680478,7.514325528650607,-1.055684438270955,-2.306629183555244,-7.646612774725968,-3.7767100722092435,3.8126664266403414,3.096839265516673,3.0088784307542373,1.2087786211924032,10.182550880277175,1.4027378510696211,0.6605491739126035,-6.071734884799704,-2.0024158265490186,1.7039373698875617,-11.336100956928547,-14.056634694487817,2.582364474016499,-3.8176673728333865,-6.05779354293054,1.1036336367714588,-2.0613933536640436,3.759800653147881,-2.5592333439177817,3.065174032547838,-5.390310736915993,0.055582568936447974,-0.6903909573218636,0.6903811195779714,4.879094949740007,-4.688433417219215,4.765887521233839
2.66940405552333,-4.891379672563503,3.3439023579976577,-9.611924712057485,0.8362640234481502,-7.7004883921077205,9.803017234557922,-6.677142255667928,8.11150700537262,-3.9198894069611523,3.6584580009896213,-9.69816666500292,7.228457274822121,-4.387024036720292,-1.6821065839084066,-6.989229464119911,-9.114036653157351,-9.16193334265795,12.612379248580684,4.134102477285579,-13.261477122688184,-11.994634340144884,-20.776536943146795,4.520960474173825,-8.862011882693565,0.01813076856243967,4.067258920407734,6.025204858210695,10.973132217588809,-5.626916331952502,4.660296470174942,-4.084911339375493,11.19491238462173,10.409570403528026,0.1428121434991274,11.452464688249496,6.3028308828998565,0.9907176813865322,-3.6705724753039126,-12.437041866913995,1.212767784458478,-1.8083896294923383,-0.8678601821044115,-5.389426347753686,-2.8197119284466217,-9.862557861689808,-3.1507557312692236,-0.9956043308313265,-7.844379849724189,2.788688282492103,3.029610910944349,-2.9714894022496323,-0.2824739899059434,-5.101298112191573,8.237914810995635,8.870589721144347,1.1126065038644852,11.253515380019355,-15.46453085864987,-8.605319349141435,-6.583121682410779,-2.0125537904207538,2.318983727202161,-5.570329764943449,-11.243554233271148,11.322181626581472,1.342095987937288,-7.0792961856135275,7.522489950274988,1.1984717876059365,0.10783952704280964,-2.5283011440914187,-0.8783121304583257,4.4958860577278505,0.9863202226836867,2.81440199937481,1.7061176826193771,10.395661010210691,2.98900038904274,-2.229528644679056,-4.64654066281443,0.26501496920397605,4.050193529073203,-12.283904452483222,-9.202551316098978,4.107134591191781,-0.4306716530085569,-3.055639655400081,1.3461621536135215,-1.254472907391162,5.057953843904658,-3.6476401766357647,4.833831321334169,-3.789730469960486,1.0937867056227546,0.9528406513099559,2.211209193451622,5.038173886273132,-6.268339203545798,5.243136886025362
8.579172741273709,-7.5644855608770705,2.2746997929912087,-8.926374840392942,-0.3961870997348895,-6.427537403940359,11.410929791005561,-8.804397527785719,9.434930936264546,-9.62348489646572,5.520764750971559,-9.178734276898446,11.741885765428911,-4.253512414967864,0.09882565466784413,-6.607688346829492,-4.293359843244557,-5.207852609044396,12.833934515568302,7.087277570776315,-5.60738162495778,-8.57231913364923,-19.230532882037203,5.497130205503324,-7.659640997228207,-0.024504377508577757,-1.2678001486545822,7.95138111445051,14.421749050812872,-7.974997109501128,4.201667751076325,0.13489372990687198,14.520745252279811,10.568127457930851,1.9302410839262585,10.70518802524341,6.990874183101647,1.6494011410439877,0.26812906312173,-10.521303548052686,1.7900450133791754,-5.407956889130873,0.168868791087885,-5.158719925582285,-1.2122733189912736,-4.0290385887785,0.759679598844728,-2.7791773162329445,-6.5867833922796635,4.522715113797472,1.935430588968028,-6.496548860886861,1.7586671683516872,-4.684037215771713,13.748409878727253,11.3990652899194,5.298981327349604,10.943939040125969,-18.367928027292646,-5.2719734152888025,-0.4787882011094031,0.5532006462200783,5.191935804432535,-7.036216070932099,-14.591794880238464,13.031511767081708,4.298874957560938,-4.611686585330107,5.823558071227022,2.6690737446627524,2.794039916647282,3.9993034762932025,3.208347359322409,5.172680821722095,0.060503376709956314,3.0428172378882525,0.977242922031848,8.949420250667272,4.981881330323505,-4.483345991694407,-1.7782967987501719,1.4716719529394882,4.987348995587768,-10.286793079670225,-2.0948048855011203,4.401645303600006,3.39139896289195,-0.9021187389721272,3.430815717433715,0.13185335560137318,6.879175056446136,-5.39716390922224,6.917023998162279,-1.8622712159098262,1.6738265222980457,5.734172180909306,3.7537136195598073,5.610139143482752,-8.33091561974588,2.870820344452744
12.079073737972843,-11.117987394798135,1.6160268126707469,-7.4845599135772245,-2.2940658792572015,-5.129770010349679,10.597005528885713,-10.064042606518848,9.263504068958408,-13.687871118804606,6.4916840056674685,-7.277983232920042,15.988937949553584,-3.39390345708275,2.7173979443786775,-4.295883878585587,0.7734778799587785,-1.1648395249519616,9.683439302352625,9.226679161252203,2.2960713241886292,-4.06182777026842,-15.187835742014393,5.018380945309892,-5.848397544096844,1.1099398508468457,-6.2599477476293615,8.05743882653882,15.912579256792274,-10.72979759484403,2.4610683072884414,5.762189843804274,15.720940251286374,10.685358315555428,1.5460573271030604,10.483429362073853,7.99351419578172,4.041879804970304,5.462688718211978,-8.468239321376016,1.8090388338150936,-6.35665277103689,0.0783265002475182,-4.725760051039658,0.12776700962018434,1.1108002613719048,3.7131602308928806,-5.974494465706075,-6.41401954428442,6.967820781898741,1.0381140733736332,-7.761923094563986,2.7129814350885093,-4.0427842428347605,15.5131921039242,12.736881463541827,8.441348674581034,11.185673025853994,-20.042996249131956,-1.0915385904437225,5.261594328669567,4.3745773876654335,6.692565421500897,-7.348652004207077,-18.877760138775493,14.812479587897963,7.925684749010829,-2.4632235055060727,4.205524243154014,2.84982156552687,5.06858239128615,9.966450394843317,8.025340969850847,6.1965603569955,-0.0062057263499304405,4.736389288837376,-0.2787431062615054,5.841332399007243,7.6216013218340635,-6.327068466124715,1.5731724215987595,0.38906286129642087,3.6426899739856355,-5.182130022742054,4.597605025297733,3.326674633624049,5.370139466239104,0.35316042710799866,6.626040137459925,1.3820161976134373,7.89810314984381,-7.920515186052441,9.080650247135702,-0.6392615278013056,1.6898282908453621,11.00876966898501,4.41064440985299,6.542113001224436,-8.714266127774119,-0.39944148546478475
12.862914126541499,-14.646447711114165,1.5487477739338793,-7.098319880194652,-4.457275350438231,-3.8224534855302648,7.228091864456277,-8.799357793861356,8.310317563666597,-14.449345017144326,5.992555569850797,-4.68262067672153,17.442596858663737,-2.056928694790061,4.9080546596838985,-0.7987541392222033,4.041750315948471,1.602747569079387,3.969404291058731,9.769388414554422,8.935863948126363,-0.3120852554769473,-8.878350533940187,3.3090667721334865,-3.3831139885254355,3.6046857127749745,-8.852775974805152,6.539998341321652,15.469465984428844,-11.997974709619047,0.6627307138698915,9.656413064789515,14.834935499896455,11.083309295152134,0.37825424638826655,10.368224449913455,9.295521752949464,7.388180641758872,10.017074572075826,-5.740990167731615,1.5337599561880428,-5.15061238596685,-0.6472958355036257,-5.37085778477009,0.6651614341376926,4.2217198958843545,5.350451091627661,-9.227821764901554,-7.623021446800048,9.33087618055415,0.7254930057747213,-6.07998016222493,2.244587841298588,-2.595269232459328,14.282425116863827,13.275015231621783,9.716814328338339,11.803795430287261,-18.99912355277991,1.6001986729518045,9.662044453901675,8.144899687259462,6.723133910187364,-7.110733986370636,-21.733331020407793,15.86168638112402,10.646126014646015,-1.2025676518467086,3.8347845973745063,1.6657182870782523,6.5162663511331385,12.84095518623293,12.740199823279612,7.5013233198273666,-0.598186545927966,7.182112422368489,-1.652232745077085,1.7761549875040712,10.328267120423655,-7.73214998502898,4.202937793186141,-2.390477071067855,0.877738191677966,1.1482675029625176,8.470559948888372,1.3191500645152716,4.260685354143732,0.8580808071714934,9.433811348812139,1.653034488495904,7.604397818315514,-9.706136949711809,10.67535415533937,-0.1829099246130661,1.7924908654789498,13.575938504266494,4.084168348012838,7.144212071587936,-6.769035112094301,-2.9404924886562123
12.333593041370955,-16.04563237946258,1.8972637117319957,-7.978280870622083,-6.269033285132684,-2.5937807450791452,2.669508742047888,-4.565431598775868,6.862476888132983,-11.488140018771809,4.6999540914879585,-2.1473635186225994,14.631673391801504,-0.8051621042130335,5.275616490584818,3.1252750349013025,5.3489545554562365,2.9745474305950337,-2.319519863426252,8.140007673662026,13.555608496262261,1.16098371958912,-1.3696317319447981,1.4374643966781129,-0.26244761389058624,6.5138337970945885,-8.161495617513722,4.2393959112350394,13.39624157879243,-10.630641971668739,-0.47775598652294793,9.560622061331875,12.688232444291145,11.168991845777203,0.3001247735536119,9.137905054061136,9.41249647315925,10.499221096436463,12.081183127952505,-2.21629877812218,1.9037631812916667,-3.861686746008936,-0.6364605875956257,-7.492561219218316,0.48287408637245727,5.538204263808272,5.730313955856392,-11.697017830951802,-9.224731533500458,10.706162375345478,1.1196283583954736,-2.4270734610783586,0.8076031789161287,-0.3387970824230551,11.372619616566334,12.791871911390471,9.570984772259017,12.665169549528445,-14.981733336247684,1.595981110888919,11.788951873840105,9.498810579497956,5.885694308342465,-6.924264814467956,-21.37296030760872,15.457623958601923,11.197583027732058,-0.6466252174524416,4.928235097813693,-0.3926963486003782,6.419068556675149,11.367633829937802,16.337161801636586,8.430069679859244,-2.776110806258063,8.912996274366233,-3.111768297419328,-1.8263415529085862,12.168558733293962,-8.121834116878373,5.23244227249041,-4.805694194546346,-1.5335628823543654,5.614616301048121,8.317322528513643,-0.8135207214948106,0.848707226796099,1.156931556439798,10.46469483610812,0.3312560796236374,6.15913441569144,-9.269124198241585,10.869699796109026,0.289130447000304,2.367516845924468,11.995459585887296,3.0417532265033973,6.3534915776120355,-3.8497194099354615,-4.341512686179602
11.598778454398994,-13.889824228796895,2.6971141825368243,-8.646011815053647,-6.94093669396526,-1.7977596263638815,-0.910014145755845,1.1867332651476383,4.719640906234016,-6.236355962265175,3.319254514975206,-0.05614261109154306,8.366045954822864,-0.421013692994491,3.3848867064974204,6.4920387275290565,6.0345117125119465,3.210365472422829,-7.432548311375294,4.702541830565984,16.13782681072626,0.05518001117298277,4.910046670950002,0.7797256626227831,3.241139450757859,8.259691954147204,-5.216640860276776,1.953987766066883,10.235736865981568,-7.356290447273542,-0.9878339453089606,5.820076487600668,10.485434229433343,10.2959455864975,1.88800965313474,6.439346212241117,7.148085289358441,12.554253403242562,10.911711878433879,1.4940490761753358,3.3778980256265494,-4.339704158025674,1.4009756874211914,-10.226499149430072,0.05600086048533087,6.388821023127301,5.137229877898429,-13.58878865711291,-9.080438975662737,10.653109722685144,1.7101316018695891,1.1987134560205963,-0.44895258372873803,1.6189823473208413,8.022613732428585,10.7118078103274,9.477133033947307,13.402094223563893,-9.18574814489175,-0.4222305712610077,11.754925290430908,7.187056364650386,4.843590766604823,-6.605481009779868,-17.99308818406709,13.975099447100376,9.49714507364849,-0.34142535720927514,7.39338154277847,-2.2888043165274965,4.14718439654794,6.505369568482568,17.542592791317055,8.181520988111982,-5.932291571016201,9.092773523870132,-4.787259537034139,-3.8157168470839333,12.485627742621874,-7.430174495616431,4.543490859617601,-5.000250149444405,-2.5423323477754387,6.4441294531815325,4.97584623016106,-2.14879223927805,-2.651402017975436,2.085290521961632,9.291594201907484,-2.660867363001189,3.5353807231512273,-6.46654264418247,8.935877507638253,1.642189786139138,2.9237377321590063,7.14155245617238,1.3280257634494244,3.5928658219469645,-1.9096725781327084,-5.0645895988195155
10.40780558335926,-8.638776963361977,3.7013966253128356,-7.692704956924054,-5.9519982261334645,-1.4943458962449574,-2.1719230163991305,6.351266317424143,1.741718700592672,-0.816194399776667,1.8216104783142746,1.6399131755830134,1.4647662316254686,-1.5452691638159497,0.31703328652556384,8.207884605773097,7.270381093256486,2.183514841746585,-10.986185571205585,0.6164468370701763,17.144096566126606,-2.5822840419662945,7.577995846425789,1.9550171482969407,5.917317581915812,7.985025820830242,-2.134974914317433,0.01164418580925597,7.055366807320542,-3.7105037777276153,-1.5065914808152248,1.1231298656926456,9.030105554291744,8.06789874494399,4.131692662053449,3.5218109809422486,3.2189242608946405,13.266253379114833,7.456041980616659,4.534451013848565,5.0439764677256544,-6.207079629894982,5.549496655873265,-12.117479800660611,-0.2282647968689504,7.799593274755496,3.9883674074485493,-15.452385484273481,-5.21422822282375,8.99694653055145,1.7512158925190215,3.703836559809124,-0.8362583358687277,1.8277388450125844,5.429000357970323,7.250125445524735,10.529761778859688,13.402324499867511,-3.5551824272851937,-2.5363814353976637,10.843680468089625,2.235995684263767,3.8961349907665324,-5.63720340604891,-13.21895055720706,12.351768056096452,6.688894430007913,0.26371062717281957,10.557204686118201,-3.0894203608308284,0.2982059762969602,0.7453640765907046,15.242876339843002,6.3448913325657434,-8.280466160332946,7.8511060858990405,-6.405655849562749,-3.760531305658272,11.16995616339353,-6.523932299516422,2.419107327463516,-2.532692761219209,-2.7193287581012573,4.663108547755275,0.9243295520825221,-2.1147730306417047,-4.241907679977006,4.004485458052467,6.638678421937821,-6.490569598925441,-0.2556922266498236,-2.602050574664097,4.792869424874139,3.8747090253180323,3.087394453580469,1.001498182961544,-1.1302062397354349,-0.36737735956918494,-1.4739720073793348,-5.539418806652785
8.192630874988371,-1.8614465900055341,4.081529079362964,-5.09243312649679,-3.343471990427722,-1.4366714970389105,-1.4944609441569088,10.128767824160416,-1.6407902443642044,3.470278491703953,-0.12842702908263792,3.009788234072911,-3.3253478670433303,-3.9449031834866357,-1.9813192244528497,7.671226577476931,8.614860543439363,0.27040714082454054,-13.439840973011236,-3.3549071552462157,17.089024244526286,-5.29458885845477,6.3165491237721,4.241705439683804,6.149881693018627,6.297325909438811,-0.1311328430043317,-1.8488046245445005,4.545150532683151,-0.6593244056133671,-2.1603715832933528,-1.7229100212355728,8.217555034765393,4.672029838519282,5.626943182430932,1.8372302839999186,-0.4085861938185906,12.441101449402565,3.820091991811327,6.247106755858241,5.426829799444905,-7.45683131459056,10.385646977106877,-12.451771885997161,-0.6271585988877935,9.522366703654784,2.5912404232972466,-17.17718326105011,2.0769368702165236,5.820299351790836,0.9344827022141589,5.599911833409744,-0.4605989680891689,-0.35592270853647584,4.463343324972237,3.647606717981714,12.342429923335027,12.138119725109894,0.12048549254896823,-3.0589772457442956,10.129386724858467,-2.8339834528780403,2.930460317329664,-3.720791815527345,-8.564601761657528,10.95336669408151,4.115197744749565,1.7382351104131804,12.668062359937636,-2.889141045701243,-3.4587185923070507,-3.173143789745891,9.600280085272761,3.098886244221393,-8.664636998744509,5.944871851164535,-7.3303228863808885,-2.0776850337959205,8.523963181381186,-6.301060814122444,-0.9576493613394754,1.6824042597500823,-3.2190756920690973,2.566252542204048,-1.3797560392417938,-0.8507874570546848,-3.5697146519394645,6.441120916245158,3.5242783858963214,-9.211355736177008,-4.602530226685652,0.44714948000003196,-0.6752577948242409,6.040022649203545,3.4639868354269314,-4.404086011573037,-3.5831920626437923,-3.747627171476358,-1.6469483684381365,-5.648234513450511
5.040457684212001,4.799754873425448,3.4322678944556544,-2.237164222434553,0.18339039375224275,-1.3881788433317772,-0.5343582811685359,13.202996516194158,-4.362932000860456,6.278323061417252,-2.410477332992687,3.979862227811542,-5.4572161392168885,-6.474372908679692,-2.2604630099210468,4.992276001920718,8.453482821275259,-1.3863146797450154,-14.670511423278539,-7.1628717332223655,16.28753297210361,-7.110547962201251,2.936621453591524,6.36016149409735,3.7164923646307186,4.863333160629926,1.3521708947315905,-3.847224828419332,2.3830738225115473,1.3531344186717722,-1.8458256260504622,-1.7047466670581664,6.998956961877094,1.188524342284388,6.193951656727802,1.540892206670416,-2.2345588389595634,9.986498361796851,1.5100326483777513,6.263689365011513,3.8822111552733665,-6.6339581348329615,13.762447551389137,-11.870302353545066,-1.760615533315451,10.449512445733813,1.2825577824482586,-17.780746987820848,9.76600102302408,2.0483241463196507,-0.7416925286922212,7.920413692356951,0.2558383567578244,-3.9391753838879993,5.038566052751497,1.2066466189259273,13.414032055794106,9.45012881790909,1.400981737411965,-1.4884712583593038,9.808062400246726,-5.980967629467433,1.5829475397793389,-1.004475758477549,-4.903908621039957,9.246731532047805,2.3462299720757325,4.138347835664614,12.074531246390311,-2.8052969767282137,-5.939467853993301,-3.632925885187533,2.517696694603793,-1.0165661275209006,-7.376942389637263,3.9543617289034674,-7.104768618156979,-0.12418183504444458,5.06135379751158,-6.62269890211531,-5.425924484320198,6.267230023199112,-3.889597550715679,1.1565761060522248,-0.9917516516990741,1.0687307612776276,-1.6711236151990416,8.557531120133223,0.39418143496583724,-8.985242850630168,-8.394919112828184,1.599807782327125,-6.224413346546428,7.192126297158142,5.004018664190834,-7.540783611588081,-4.499482975554834,-5.64321837825124,-1.762622901918848,-4.877288117904067
1.8310129281389866,10.033230372713831,2.602287158625061,-0.7761396608701585,3.434844885375945,-1.1446504345506987,-1.2022509291986907,15.89331219388733,-5.402174665308781,7.928340092211174,-4.322150932666512,4.678056677127856,-6.475217666687501,-7.654914530821002,-1.1139518404433142,0.9499328652276473,6.042949747221775,-1.7575494500405728,-13.940620710327904,-10.324251309134043,14.965146813843393,-7.452343026066224,-0.49544922300913763,7.469997025846414,0.4660381139437444,4.905710827417219,3.346025279413981,-5.593522274627168,-0.16870538802709012,1.8674841218554958,0.6621879607307894,0.046658954919831075,4.074998594013881,-1.1659095097790688,6.729036019868921,1.594212426678097,-2.146702172729916,6.244615777208423,0.6171549787515587,4.926324858213058,0.9679615130618693,-3.7965502645226525,13.928724586289068,-11.446082910183975,-3.7298624533342646,9.912505186899462,0.41375793379878134,-15.974289496873775,14.68579526387908,-0.8653256359685466,-3.1386234363070526,10.892430849407921,0.545327838282923,-6.451196890410791,5.956719395237037,0.37997907999645775,12.4802357244951,5.842224392227807,1.724465557871441,1.3515029893925683,9.600895498256445,-6.6120738518232605,-0.3305662633021287,1.884528394360213,-2.924931618332395,6.302252131942524,1.085353535395753,6.562583988761168,8.72050967209698,-3.9070540046330033,-7.221628739776264,-1.1251131324968715,-3.1731971966197827,-5.22570787641023,-5.368577275569459,1.715424223766101,-5.639330409386153,0.9087168362053628,1.2150911350864133,-6.562278403452275,-10.115452986102467,10.294085372735665,-3.275787984687831,-0.3529951583194636,1.2350876292764061,2.9303321680211836,0.5536166280891637,9.516507957521537,-2.4851280267975033,-5.947065335648119,-10.414630445317927,1.369578196305389,-10.874840161337543,7.148636393017122,7.961551994617224,-7.761024782726646,-3.4073167160677578,-6.974794374314902,-2.2343055037779243,-3.100479634975669
-0.04722455661923808,13.068664512867782,2.956837093174718,-0.928075590159319,5.133800571151454,-0.6960830282005503,-4.178094694589622,17.180892691812367,-4.432544936351974,8.954656521502184,-5.393137608183772,5.207078271125666,-7.547657993726159,-6.446790528614395,-0.19510846634162932,-3.15485699056671,2.417823649990297,-0.4180691572571926,-11.259610352883566,-11.332924114779129,13.388627333383916,-6.249508078631187,-2.89609252990103,7.258190556710668,-1.0713157467490688,5.960627083346754,5.760291382984345,-6.821336352622924,-3.5638642577708577,0.6429614122061271,5.269718149707628,1.2031613337767755,-0.9879179900410726,-2.246095951118723,7.724005857453845,0.828509655451136,-1.0857319371077763,1.9783717775922778,0.7854115877292864,3.4114845619717498,-2.256314143179371,-0.21433942020505717,10.325954547740585,-11.557933009354723,-6.0418978271711055,8.25688509569807,-0.28876677197222556,-11.250155765438219,15.9598335577514,-2.1182811327627107,-5.655588878424169,13.201910605844098,-0.2602473885254941,-5.942186456764237,5.927732226100285,0.6661583376358582,9.460105753462333,1.9689869085216825,2.8963408739961523,3.7600985666310898,9.277697409770262,-5.076822562375953,-2.353633465380291,4.1161138281847,-2.8480616257276066,1.871387355826152,-0.2679271695597105,7.615425385221597,4.20875020210967,-6.137249952730012,-7.9083951200431235,1.8583516256739148,-5.47804361864158,-8.630766331586058,-3.2913248616439486,-1.0040799189521226,-3.3588053874522847,0.9499732353708127,-2.7799037355705147,-5.295030083020247,-13.09457640532848,13.613438365608186,-0.46973678049733947,-2.8373551189036985,3.7985356498321616,3.837803754636634,2.968603364410483,8.788389402032887,-4.469452851370023,-2.379390372683366,-10.167085318052877,1.3068254818089426,-13.846103532848216,6.395918564174975,11.833057500630156,-5.392908032921334,-1.820771672474347,-8.976009910740247,-3.941361591938863,-1.0341640608063827
0.4155117775707302,13.857138524826246,4.775653253378566,-1.2563132260940444,4.330711719837399,-0.31138342758919735,-8.162994550485106,15.772275926519281,-1.7375377821113949,9.220469697037773,-5.960244586155608,5.178945295804132,-8.226258440363104,-3.2167169843275403,-0.3203538654588678,-6.207752369069898,-0.6754723732082162,2.5008896927056172,-7.882382652590659,-8.599279456308343,11.050889192078365,-4.4189357211610885,-3.8477058129122526,5.782547719664522,0.23626592899374277,6.504576242958721,7.475368107656242,-7.90361101220293,-7.584996465772267,-1.5974875287735957,10.495949506149422,0.1700038992643854,-7.274782806943117,-2.8629776156327265,8.858326064510766,-0.9223077016147685,0.0756045053541301,-1.8842191725269677,1.537728909791158,2.8046969653789273,-4.786398078456944,2.5549530549429145,4.10694748467854,-11.80396416777069,-7.931596732710074,6.14724389118393,-1.6294737059906055,-4.5271726167288975,14.802525172221475,-1.867143718302708,-7.357894559588002,12.943135056516116,-1.5850039816816825,-3.07055931658616,4.784900069319434,0.9243698039985535,5.2977357235761815,-1.9160447840660089,5.2027229538610404,4.306883631819952,8.881349948325576,-2.3056537324740813,-3.510587998400852,5.082887680824152,-3.6966719336598826,-2.852466496557793,-1.9463825487933515,6.5423214964138445,0.639258721664258,-8.393748668998953,-8.057141397678675,2.5146907806488947,-4.4772603869395615,-10.557679968109186,-1.2499199450239544,-3.792178783529212,-1.2432051679565022,0.3483493194593513,-6.649168685860698,-2.486139861625595,-12.792256913602245,16.270721872505728,3.790773354275389,-5.871413941226766,5.698750349688534,2.911399052379905,5.3846541218769595,6.649808891829261,-5.442825306790056,-0.9646737556136927,-8.092953211283913,2.6344237866347324,-14.572019029634621,5.679268578431457,15.601882577280325,-1.7477409436997777,-1.6403576842085439,-11.31095956675657,-7.409160029900798,0.3167294503868805
3.0722474450754924,13.188880031036856,6.932239354186086,-0.1638572445758142,1.1349579847692353,-0.14955382807225326,-10.837462284438702,11.289017283562497,1.749703156424064,7.917526314596493,-6.5917783434789925,4.4051821345100866,-7.649553651453854,0.29445984532180214,-1.0379323930894833,-7.953800973132324,-2.0719579318903403,6.316489107484193,-5.283127973102765,-1.909906044986608,6.519772287899275,-3.264718547569287,-3.193468771833486,3.5313866457608785,3.1741875238702155,5.62070908403895,7.545357342117591,-9.01763175104271,-11.09027124829743,-3.424682224931885,14.190461558374167,-2.541666321107785,-12.882557152893796,-3.4130982289157195,9.654158452502566,-2.5918148882407963,1.120065548493447,-4.595021086677898,1.5934730722269173,3.40173961432613,-5.588984935603765,4.0400436669228466,-1.9964995243603272,-11.32320356974574,-8.425176592370654,3.6973164770723375,-3.8198346190934584,2.544372821138719,13.056357402301366,-0.5527761671391521,-7.50355918453861,9.51110476232819,-1.7875907671249458,-0.4145629307246228,3.3023977212617917,0.02788470296530221,1.5439698642891484,-5.306132489936528,7.502125984635324,2.762319049687412,8.331646184286996,0.4227427479437831,-3.046912027277779,4.779333824595191,-3.9450621617474644,-6.1596230540283905,-3.517915061502223,3.8611343110915777,-1.2528577896101782,-9.455114688845558,-6.988855696205669,-0.04005994480590158,-1.7632017782841336,-11.001588862348731,0.8973744189687105,-6.00678087880006,-0.12957650753678052,-0.8441979794343564,-9.650545997381116,1.5094459094151782,-9.831394479903734,17.650245838496417,7.6033849836143315,-7.96102116382868,6.839142914495323,0.018198080266563332,7.053901020815334,4.007299803473697,-6.459224231455234,-2.5650456902986893,-4.8470536184016,5.350455407721484,-13.04283999150098,5.705814615813898,17.60276499023169,1.0881010924577534,-3.1898796213031617,-12.35372320928668,-12.362348471133503,0.5606690292605605
6.489209948018345,12.081593568582486,8.487090783448373,2.9934432285187063,-2.646977901947771,0.06786382248842338,-10.291115545476181,4.501927461113062,4.6070549234736795,4.649050370277186,-7.300297976816021,3.619999346680841,-5.547609448600852,2.554155361142434,-1.6771868754006862,-8.754697807502904,-1.7727512526842042,10.125647559717178,-4.121647870298947,6.833627287801566,-0.7380494765033747,-2.911215173404865,-1.288714050359948,1.196705303573533,5.287762437856967,3.6525651272313984,6.01689752811792,-9.716687619137984,-12.421979974485295,-4.06744850320694,14.357755933332536,-4.970281981139444,-15.790617537782266,-3.350920762162432,9.851039036276028,-3.056890581676162,2.156637488424321,-5.891872384324778,-0.46528380496825905,4.966872229577188,-3.8658929053999036,4.997440580772386,-5.108198932073934,-9.17416539305965,-6.946818430006072,0.6820334133431576,-6.176593500389997,8.268139008473534,11.584857035434972,1.518077313340954,-5.966193334992888,4.185455769975128,-0.10921778930947612,0.30372293684915164,2.300425053276477,-2.0407536030142115,-0.12217457387137198,-7.12804178426012,8.682461992977332,-0.2816255637250892,7.243854817680029,2.0869858412971047,-1.210882041489433,3.6513876201997992,-3.2625617306501544,-7.590947984027081,-4.221399729578984,0.9096026218730883,-2.7233042453631207,-8.82548579049963,-4.102824568179346,-4.2894626758151215,0.8665336396243486,-10.89887863804445,2.912641411293669,-7.164110470546004,-0.22222637578057758,-2.7005716521792644,-10.634944646615356,5.469705287240959,-6.507783706786846,16.73792896620185,9.112386295054742,-7.637148081979782,7.742035642964808,-3.539445519914289,7.222773773680623,1.686765496767395,-8.383998014214074,-5.557205090595684,-1.1440813745160294,8.244454602008638,-10.048922683644207,6.676462770561677,16.03837741788281,1.426245616438981,-5.105529812324965,-11.218183998625793,-17.332009738329297,0.10843331178626436
8.886290396648679,10.576760388698991,9.649677603591423,7.567468308617787,-4.651566569655131,0.8765935344564935,-6.243920851176133,-2.955521094790254,6.01603561051292,0.4523654264007564,-7.441674114038333,3.69642368475548,-2.62996747112292,3.45225395150198,-2.2163208709391946,-9.142039104551595,-0.9608619562488682,13.29859572490355,-4.11675333225492,14.327749058936494,-8.966572275790304,-2.054853978825303,1.0453531201275026,-0.5452869103821101,5.075609820317666,1.4949297246613145,3.6819205008007945,-9.306957079429486,-10.68450304308881,-4.107116526673778,10.490018661503278,-5.562274612914777,-15.210687046769397,-2.3050266689610157,9.200956408259696,-2.2630338388261024,3.141133186274158,-5.772829807135104,-4.777037317234303,6.949375800623748,-0.1190840835393776,5.732113615208574,-4.025480567604417,-5.330934698999105,-4.093131140936498,-2.733435958468039,-8.037785545859188,11.51674439618014,9.614407058664112,3.8117276637229898,-3.4219105136842654,-0.5497106838281018,2.0807669617579445,-0.5043233811149137,2.0082499188433616,-3.921049027410887,0.8976334496137937,-6.775892583123843,8.758606419818847,-3.8777636460148064,5.571438291680716,2.531211520925946,0.5466896206493038,2.2426503463828555,-2.4706458430260816,-8.226937549020219,-3.8607860685767847,-1.080708733984641,-5.1478726168700035,-7.13167400809699,0.34081718150349727,-7.919781001619315,2.329455510563455,-11.474610971256997,3.7211779657081343,-6.686922413663361,-1.4108527962564792,-4.814433392957347,-9.117534520116132,8.022945896184135,-4.574979398823448,13.221521159495968,7.842610144017546,-4.4901694541806245,8.555899349686113,-5.878921374667493,5.826675202649132,0.2074879002830994,-10.687490643741064,-7.583305985051788,1.8504674450416978,9.658581463242136,-6.917589954989609,7.8685413868061245,10.549268593682497,-0.7385388400106234,-5.903435472974364,-8.611232227399222,-20.0358933314203,-0.4125154636577735
9.373915711634755,7.998882181815914,10.6120315751344,11.653072036605952,-4.084201063377179,2.544930712558755,-0.6962817790462583,-9.091806866027197,6.226060226030221,-2.5607058972905508,-6.3752848423019515,4.558287560068618,-0.5558074597145439,4.045751866206629,-3.172219401418796,-9.53497665997011,-0.9076794015046776,15.328669572362463,-4.1518988474418626,17.842025896433455,-14.714941943765053,0.12476942862533358,3.1244154549081022,-1.071575134454419,3.2587976222804302,-0.19595509597141358,1.3066838094654767,-7.219511540894489,-6.6249647132399145,-4.703169442442717,4.30521934360781,-4.400057512450892,-12.089941498525743,-1.1712343458206629,7.361192393581767,-1.201026152591508,3.520622591886957,-4.100026891118147,-10.075748780728516,8.390748663521737,3.4698066944092085,4.955897466024178,-0.1209953369521144,-1.308591988515789,-1.2285848341660046,-5.850222119024707,-9.288558259943299,12.649109704664589,6.220583784820213,5.357754395805171,-0.7248816349025518,-2.7008268396560697,2.551521655985328,-1.5317250341571729,1.8614002332268318,-4.225622620300271,3.2196417525789407,-4.9326150800994535,8.933657630674121,-6.796231678243016,3.910716354675598,2.6229174750341437,0.6175678546415769,1.263941264645456,-1.7715181334489762,-9.253885514550975,-3.3764627278404475,-1.6110645618655295,-8.503808396876993,-5.768817020407303,4.788514415324658,-9.197400957574098,2.304578570875196,-13.028466875766247,1.9379691342110903,-4.0705327965238665,-3.2425195968544527,-5.988188501539796,-5.862844487962568,8.764071483322022,-3.968543477979757,7.800872761828995,5.1620239036760704,0.17497468040150865,8.789273671353829,-6.501210225994938,3.307064490771575,-0.2204786029148628,-12.095716406933967,-7.541858975407447,2.854859114396824,8.626888369645828,-4.546633363045707,8.210073676971144,2.916500218376874,-3.911159689572055,-5.167394304159172,-5.726801903972735,-18.99436927651613,-0.7915171344842997
8.0281649024394,4.555658168581401,10.827583399832212,13.105859571034253,-2.3205040506404453,4.81739177209611,3.2811013783512664,-12.564792850800538,5.76251513115448,-3.0630037481596997,-4.350783742255385,5.320809003101196,-0.4258109245816972,5.353456235254826,-5.000311738910689,-9.746251169596947,-1.9087905700151566,15.691074925840729,-2.857610818359336,16.635685010438287,-14.999882615562747,2.284120838822103,4.644439866442621,-0.19523139303619885,2.094097785266364,-1.297587750777978,-0.7939495116013764,-3.6508657201384027,-2.1368266350670555,-6.467309040039845,-1.447644622915507,-2.7574124392927213,-8.236457577919296,-1.7441248500056075,4.376129771210211,-1.0616787624989472,2.3063153502076204,-1.1103029341269912,-14.311427641898687,8.145871847041422,4.245445843523838,1.0912270935639432,3.5336385045985566,0.7969171033625182,0.6003140282060015,-8.089973949926344,-10.21625348928699,13.136625519417471,2.0151424211746747,5.128733258587675,1.7699400854224758,-2.3566677357055172,0.36073246264198766,-1.751266506837541,0.9652671315142435,-2.6589774364458725,4.5559188772124255,-3.028790290960741,10.377960219555701,-7.971250773171016,2.8095845577172462,3.397230633870148,-1.053698070850223,1.310309868674124,-0.4899355214664629,-10.687550191266903,-4.112990186414292,-1.1838384268985762,-11.829479208507436,-5.5913590048535,6.83412176779349,-7.428135108480969,0.5761841300027927,-14.783870353423177,-2.679919686290598,0.23965388378786412,-4.655271203352565,-5.207869007778572,-2.2323686666781333,8.23160640822182,-3.5251751444693507,1.5237707942404635,3.1446027284356384,3.5728092485926384,8.145166983951555,-6.468204221477774,0.11614735711433366,0.36731193809717616,-11.744678173471998,-5.815063771508196,1.1517462807093288,5.280023498628463,-2.9695135067936773,7.40501747165735,-4.312982657795336,-6.59211993562553,-3.3580380821569658,-3.427113443443172,-14.711885885426444,-1.4752273805759053
5.374439724092772,1.4655709797140224,9.804828735160761,11.220394328328691,-1.3534474012781978,7.103304056525117,4.163108076546488,-13.59607713949235,4.816091784050921,-1.5956188344952587,-2.2733078328515672,4.9431123183700425,-1.5632395510073982,7.066692144995466,-7.513733206515756,-9.061541103947619,-3.527140775609066,14.17186861801032,-0.050315872966801845,11.910296820373443,-9.856701023519452,1.8680208455132874,5.73941707953786,1.4491699759766399,3.1418695753802837,-2.3152790674756187,-2.7131111786348967,0.13369124351054373,0.903840278801829,-9.006442122899937,-4.85099006069502,-1.7589944654183616,-5.248785099201047,-5.075389814259493,0.9196297894846355,-2.3251649739909253,-1.0197965087635077,2.00278210274255,-15.79287623195689,5.49326591465195,0.8434757013032729,-5.42576369266699,4.43134035366996,0.16150714610041295,1.2455779928059532,-9.479092517737136,-11.26615333879856,13.902712430489714,-1.19887537994933,2.490703750561687,3.912918102234622,-1.0677940237060128,-3.5539832112492578,-0.6887956479125437,-1.063809866332981,0.05307537109275673,3.7501338564951583,-2.194320740088139,12.627997381878602,-7.046418863425066,2.0559969032005765,4.737628261645064,-2.751867772571946,2.308334128485088,1.6909297490542468,-11.640254681247187,-6.3778963744229795,-0.9638012348594633,-14.031028789069612,-5.995418447535524,5.217032241839071,-3.4763191863884972,-2.8239679328649694,-15.814064993730574,-8.531336413261027,4.625114582392745,-4.617718520391367,-3.161963251285613,0.5606833564247546,7.176986138473346,-2.516732842242032,-4.783781271341219,2.991794462407176,3.1891342584056663,6.953425313127439,-6.925179903252392,-3.2468556052547637,1.7816037429941225,-9.999970744813009,-3.7543834914300334,-2.9853381706451962,0.3050623981564975,-1.9208474431019806,5.976041042214108,-9.391341157412871,-7.950507242104482,-1.2548610105907714,-2.2782158542166853,-9.11428198969281,-3.0524395445615857
2.1343575850564207,-0.40265735666210023,7.803096793203958,7.140344886028217,-1.7368520905485996,8.7449832034957,2.9348290124540792,-13.385551119947415,3.0686513215347717,0.28870361712199655,-0.7426583756643521,2.7276121095046606,-2.5816924145859925,7.624816013407229,-9.498913185003229,-7.104737438370915,-4.9615754767885925,10.945213271852111,2.721411373966019,6.0499075049964635,-2.7600916478114277,-2.0742088209988534,6.908871834006067,2.593633097276242,5.848084234708995,-4.066342232282052,-4.450550717201441,2.534303921759682,1.3447612497768107,-11.163107626415986,-5.468774567929723,-1.677445829178109,-3.848734600707666,-10.12607798768619,-2.2752219897351287,-4.62602072159027,-5.702924315430262,3.5619209755332077,-14.5304884911815,0.7929249763767922,-6.003925029508246,-11.976671562035628,2.100111395986307,-1.7131916483960161,1.3454839439406712,-10.422824785238639,-12.428265320722831,14.499583549367237,-2.1776979734432524,-2.4797904231917878,5.38198560581554,-0.07194373637321405,-7.171059652073993,1.3357423882043196,-3.53354976361444,2.6475809887570807,1.3283168638601008,-2.632389522974433,13.454219873056426,-4.644680028814343,0.882369502503324,5.483440996137503,-2.879910066927374,3.7854999872326323,4.683490124320075,-11.537490884718087,-9.2255188295765,-1.4987514641057822,-14.332802812936468,-5.531170724912056,1.2396355109717587,0.3940724413548855,-6.616096836751835,-15.782660901796646,-13.028736506051883,7.097410194214755,-3.069692298591791,-1.551754402582881,2.0341662032810075,6.32931200643094,-1.3451874320013688,-10.621801193123623,4.291848720095352,-1.1473577234892396,5.877152797063368,-8.271356068386023,-6.093333170113782,3.5082998041958158,-8.628526168964692,-3.088382736629557,-8.243825392466185,-5.382770816876164,-1.1463199822633212,4.300141817044505,-11.830131908122727,-7.292766360032848,0.26364280823330377,-2.1260537355039193,-4.212310866308114,-5.072780319374848
-0.6245723970139458,-1.4275253432001276,5.746686427666397,2.5317433325715912,-2.4829361177915343,9.170867462447308,1.435920086835468,-12.477465593271651,0.13024171829999398,1.2937983075992543,0.13603661242945453,-1.089084006014541,-2.926247887173286,6.120550809600752,-9.495517495843359,-4.18748827881119,-5.167701191673243,6.680818288507915,3.4835483795164155,1.5089653347710503,1.8885980783646057,-7.59619398073389,8.298074953020228,1.8740867497733134,8.306539949997667,-6.720335686245196,-5.442118518778336,2.9539543058753566,-0.9554108320163974,-11.875200156780263,-4.111493063709845,-2.1003906013410463,-3.543350734975312,-14.306357361664322,-4.740931414714347,-7.24951543172433,-10.29171462573737,2.4227353610711972,-11.836059940595847,-4.292118816257462,-14.090719069931657,-15.808910212751941,-2.2434290280114046,-2.078885678692337,1.672016375881186,-11.170893341606394,-12.959699242058697,13.70250379844484,-1.319070054027378,-8.763291875042658,5.7673543518414405,0.3343104270598265,-8.62264788040247,3.2226418259664067,-4.834414362976672,4.022476064266154,-1.6139583606421857,-3.54208287946383,10.711386434484842,-1.7819691844499128,-1.3968847919057046,4.771258483004835,-1.466143420220863,5.006131929009617,8.14979632408082,-10.862847381045393,-11.398282318946515,-1.927548490854035,-12.82053078164623,-2.960714093662614,-2.711593497093482,1.8927064554334898,-8.58167647860429,-14.975994366808468,-13.992165876682487,6.415451967990997,-0.8245894191639802,-0.8967756465213544,2.8510300847224355,6.306689758880065,-0.9891752296062317,-15.442350886645045,5.581991889048606,-7.002533480315321,5.76394217761678,-10.145438343868339,-7.800936121123899,4.987793937349663,-9.357669721260471,-4.3544454899356575,-12.92061559841831,-10.106715499713154,-0.3921721289247859,2.3524272475423174,-12.204027102640335,-4.137780974309792,0.5161907042276637,-1.8022539416182535,-1.0685416459766204,-6.128653022145789
-1.7351938422779631,-2.7419948888354493,4.586737853881911,-1.4040081824230457,-2.6805989435155064,8.127536611694644,0.9650476650514919,-10.162572660997927,-3.461783483042521,1.2598550265820858,0.48378383508529077,-4.988657471905173,-3.0351731333205043,3.5153166627597083,-7.288610208855713,-0.7929743696063678,-3.589017519200435,2.7904461058219874,1.6246142545598952,-0.5609793903709517,2.0082924821219796,-11.676540603511606,9.175637704504352,-1.2269496410915872,9.157762303842082,-9.222188232709527,-5.02506504761728,2.6696764482915247,-4.681139734384365,-10.853327594411674,-2.2811194873989367,-2.386468527911757,-2.9298730290434607,-15.696990890549625,-6.066527973585531,-9.03378718927012,-13.604027656529603,-1.1697617710994157,-8.694926919927605,-7.548079016302116,-20.679623257801282,-15.49689850564334,-6.538604212218486,0.6720007408323303,2.4954669018215467,-11.665429286950513,-12.195513950744598,10.725885798867456,0.010434850658180006,-14.637329164065946,4.7324302004672205,0.2822116444980982,-7.4941425786993054,3.9299874079825092,-3.650738022646017,3.6980952305098356,-4.357953594562824,-3.8080328586985788,4.559088219336246,1.1586659163884332,-4.831547227540998,2.6571670950467574,0.408756548312865,4.812700071359242,10.83901767181589,-10.560174191456628,-11.841093252972987,-1.2921943912137357,-10.436709499995082,2.0654967024084234,-5.431292220931028,0.10228363637890592,-7.367181645279045,-13.728115299770314,-10.892885633968373,3.152731290914405,1.20915081665103,-0.4582895353774315,3.9292080284316038,6.825127093369613,-1.871348136366633,-18.345115882874804,5.864346696996103,-11.231467921735975,7.231743190709379,-11.524274512531592,-8.033407640358359,5.9863232889943445,-11.924940122207412,-5.715619275251036,-15.759320540868547,-11.340308106790966,0.48559243086010007,0.1829860417223097,-11.151703798841831,1.0916213835042123,-0.46004573052960884,-0.03187133655376595,0.5847671734235131,-5.531735135535699
-0.7828285317202064,-4.529784565272731,4.395015227685478,-3.913198208070244,-2.0534447021718623,5.964734297665117,2.4791957161415077,-5.3526784995958865,-6.31344034780669,1.0292928870565756,0.6407826030954435,-6.745439264869117,-3.587749037645481,1.6036883236587005,-3.872779402034297,2.8755547375685104,-0.9594303993857356,0.8360618431607898,-1.5988810770958988,-1.0873020127137325,-1.114045533783524,-12.919428679044529,8.879768021621896,-5.738944416350495,8.43646420567725,-10.333279180331845,-3.419189714209076,3.814686845945219,-7.571215450375349,-8.314067179839782,-1.2466815360901662,-1.9776671144448186,-0.763266571666835,-14.459281267053463,-5.986077434832321,-8.641598742307583,-14.68496298752754,-5.3967522282023355,-5.208141948962027,-7.7455254840303125,-23.202952386628727,-11.157289531581608,-8.614402781684774,5.709772029218746,3.8239358685146616,-11.618420091900719,-10.241981802289276,6.258926985584603,0.8350169447708781,-18.320041664885544,2.2019461116674517,-0.11000183256220941,-5.15957158922767,3.390200581276317,-0.6209556143308599,1.8633239241978015,-6.383294182760273,-3.134456502899536,-2.1121280753585876,4.415990305835539,-8.356830137224973,-0.020865902447346096,2.168668796007825,2.7604284132624115,11.374839176271239,-10.891815587145086,-9.924198193100903,-0.07067858910808289,-8.018798824662298,8.369533449883201,-6.871116549713863,-4.085261627522961,-3.5943947635174043,-11.940401087970852,-5.234602132223948,-0.587529348508613,2.61712785441658,0.39064749891633666,5.318485819015333,6.73095960756376,-3.4815823033466917,-18.44923360704535,5.323858948084078,-12.065228901256862,9.848643573705154,-11.27909782495314,-6.67125107565148,6.297518041396531,-14.157992298896165,-4.509318808714966,-16.184343709458894,-7.642200514572604,1.5063759012800193,-1.9115866243377813,-8.52348242088664,6.826675710959488,-1.7858851255994652,3.1458059119433823,1.5685387482028093,-4.061632708852219
1.4091846791883307,-5.168450615400273,4.145043700566216,-4.562560407480318,-0.15830589052496946,3.795343968425057,6.202107847129731,1.8184405411110305,-7.390748939984968,1.3413365898972711,1.0831992850062948,-4.655072324230122,-4.740994573459951,1.6344574042426268,0.02661208935930892,6.546199420309824,1.165559545043971,1.3126359365240274,-4.121725331203304,-2.0172979670405677,-4.807365536583244,-12.117511380631274,7.797538749254803,-9.754872361831916,6.751515327505728,-10.198847968135214,-2.0060228033261813,7.128632841860313,-8.249520572750594,-4.535030251683549,-1.204627849369011,-0.41273458969873866,2.5981438020463146,-12.108760739126883,-4.677690773540636,-6.148133706807272,-12.98619254559178,-7.958320422184845,-1.4704232057021378,-5.663099594446683,-20.727292342423034,-4.5228447027369985,-7.340684262488841,10.615868600504475,5.822820271898843,-10.381976751900366,-7.681597229687812,1.9949888545465055,1.0032617339638739,-18.710627580717947,-1.3750958602397898,-0.576472518365613,-3.3719557283624595,2.5604706204287644,1.7774220788939723,-0.6926099722872148,-7.3154650509015955,-2.281805928466448,-5.460706552928601,7.974277051494994,-10.327556162749916,-2.1154530524521937,3.824910489827559,0.1813943046630749,9.848614372998831,-11.297767134371588,-6.132858787367157,0.5486422948697846,-5.596315791884859,13.344776117726303,-6.752766987656996,-8.435998471222243,0.8708193354698812,-9.307375399486427,0.49115809002975475,-3.148563152334632,3.491575805638599,1.6061420935054904,6.466301134026468,5.679477942449713,-4.794570408260529,-15.412015297719234,4.360485992179797,-9.630915884394359,12.278331094615238,-9.325242267412497,-3.885375516499412,5.629871749939783,-13.781056905512047,0.16571964395453387,-14.14654976462246,-0.7876737956709366,2.5392310961897304,-3.499414434600099,-4.131630774150077,11.043396991201366,-2.2788518323495834,6.2693298178513635,2.130780462970158,-3.050144750847555
3.345115781973716,-2.8716108237489766,2.823521680770175,-3.5775457957739394,3.429002931159186,3.2743984753159614,10.59374863250279,9.115865615361159,-6.877410383906749,2.232387510104298,1.932985961162705,1.2153637254357301,-5.851787072523066,3.8436640989810624,4.234019820464899,9.459591623978449,1.5214551476339713,3.2757207763180727,-4.406789983731636,-4.000902142287962,-7.2568135579265265,-10.611989032608399,6.733014234832264,-11.634053157996558,4.745169251342263,-10.085135099160352,-2.4683796608718165,11.079010425509654,-7.018636841421763,-0.13901427200188632,-1.2940647146448858,2.5908950848823498,4.874342119270086,-10.03206315751218,-2.772463469151799,-3.6132480259054662,-8.98193113610125,-7.943949737643791,1.837649686740646,-3.45775175478411,-15.24481135925988,1.5097399710620065,-3.345399854322682,13.324175727005215,8.29037008990403,-7.481204747932928,-5.264971864014961,-0.7030060177918824,1.017507022884573,-15.867018332648685,-4.460382614657055,-0.8334739959252686,-2.391393115226431,2.7457679255151386,1.7375442901176892,-2.7923216240228723,-7.386206368879521,-2.069602692347328,-3.4539920853094723,11.293468381618753,-9.94530932670996,-3.1159579079509037,5.1178387518044905,-0.892345091495003,7.443889194334805,-11.287106244235028,-2.169241114014668,0.3038063357868216,-2.629364222745254,14.815478157797509,-4.521180473259812,-10.71714661994867,4.267507796210925,-5.522253818058068,4.359628559780361,-4.37357056514138,4.115815167361738,2.6842397612140707,6.936654720185186,4.9910792697903705,-4.848333587617584,-9.669828744652666,2.8163526856931154,-5.108785349638662,13.260522350055457,-7.075534114595083,-0.5226107498162358,4.173863042800031,-10.026440049637214,6.8135744733415375,-10.1432415460593,5.013993357580166,3.1363485067687185,-4.285148009148002,1.141212123290389,12.630682542705964,-1.4106829923037871,8.089767143277182,1.918535619017275,-3.108480275474963
3.6451949446998686,2.171820077067404,0.5129079892518367,-2.1082243785860566,7.989982380004694,5.598015833027382,13.145602778623394,13.508512200255847,-5.877475608919344,3.224226329329051,2.748141998382068,8.467095767050203,-6.167031074505733,7.392271508495073,8.027390098807388,10.780717161348754,-0.05743447907766375,5.11628023672318,-2.216269416569448,-5.386064725634046,-7.895913074490269,-8.904791477611942,6.213668849664291,-10.817826280584946,3.384683071800346,-10.660717569760202,-5.160290170560302,13.126973277657306,-4.6669998933895025,3.6212264273627213,-0.49410857118096685,6.596009449266936,3.8557850293000366,-8.603009613465645,-1.0951173241489833,-3.489007856536022,-3.9077190960777606,-6.503080752953219,3.938632744250036,-3.0427083458345563,-9.972521717547831,4.697815485375718,1.4405679095423538,13.590422695025223,10.21819477762463,-3.260274521728346,-3.7714337586002613,-1.4032440437118816,1.7436059765899208,-10.712298397400428,-4.897050669280483,-1.1657273410726425,-0.6183403549746287,4.438565255989161,-0.0878545922872156,-3.537713123103645,-7.388250517161491,-2.6042713152168,2.4599525132811078,13.674243185474669,-7.604837428707469,-3.502249219946711,5.5744244786128165,0.23570252758554813,5.259541217791432,-10.848630560652726,0.43560171830670935,-0.0037041481938625553,1.1962031143989256,13.033579347641421,-0.5384933103372023,-10.0961906013169,5.798575365192054,-0.5893720209241922,5.556704634107163,-4.839105775943536,4.84517305501936,3.126027879080332,6.709192399019109,6.197152903433815,-3.3975210041113013,-2.6009012930359856,0.4847647893812701,0.12055861911376198,12.281596864768705,-6.026862789584047,1.8162494676304721,2.608055883743786,-4.071250524114709,12.782068402762524,-5.3340156202220905,6.40916170109044,2.7717799405678685,-4.29430424924313,5.641181742204596,11.903303577139411,0.023288034758451648,8.792912732277872,0.7997144437808128,-3.4428232086419133
1.5817030993704597,7.669579917760914,-1.7894499092778497,-1.7470734923226632,11.532114881374206,10.163118660914314,12.64169867372593,13.436101715434065,-5.19315787300665,3.586653977503198,3.1261171249115147,13.621650613725134,-6.109138372986291,10.712308126395689,9.86615027078748,10.462036139366106,-2.1009948231664177,5.622134612284266,1.5407716897083485,-3.6081010702253997,-6.775269582938519,-6.638344085638202,6.79190660225621,-7.8331176971669265,3.5427097134803276,-11.346914681070015,-8.324856659028253,11.647580892645639,-1.2739174242076488,5.718817990134995,1.4362357163728077,10.202205894247445,-0.43844565229103805,-7.437077131092845,-0.31431338286916555,-6.467518818853858,0.9956899335530385,-5.371345755492216,4.475429523153915,-4.830027118647944,-6.469667150928473,4.904738923587132,4.942092679464297,12.6182525699153,10.598880763108049,1.235398583243672,-3.478613106937089,-0.5253876145900291,3.5253302994156814,-4.440128922237031,-2.102731841181779,-2.1203996470602853,3.5081330658756302,6.6376695187438255,-1.4533645886250337,-3.0778046842357334,-8.049066037061163,-3.5556816653715977,8.433712252459486,14.609727962860005,-4.307682489704763,-3.8702866121598394,5.0776151663220315,2.5915874166985793,4.106193006675157,-9.759607021252513,1.4989626168767103,0.4973900923001302,5.361936820697349,10.278929284702006,3.73937947009438,-7.072122059514772,5.949905002680839,4.580058303133553,4.094269557104525,-4.777014879772646,6.0657303258695485,2.886343842294441,6.230512819090569,8.773625677254843,-0.9531085358535609,3.660107671671974,-2.256479063862159,4.505577807942402,9.924594382487832,-6.080559129565955,1.927486960779063,1.420717033804857,1.707600859857509,16.060785126124244,-1.239615744214185,3.5001615951929343,1.7631721204344408,-3.8572090201762568,7.9789288728757395,9.607619492874786,0.6239629164701692,9.460218044885996,-0.8764045326498708,-2.6066686381109863
-2.3093868168730785,11.101737463997068,-3.1284125142198285,-3.5793765077941884,12.131820943373768,14.493436132726096,10.168849232308045,9.606571849792076,-4.911279912093316,2.9709621632885916,3.376578138821553,14.659365481772902,-6.937698981953047,12.393141852925167,8.737650192498178,9.330309362014884,-2.3521232655669744,4.571445141852171,5.59428676690876,2.3090612151759284,-4.348434293045852,-3.357779944229904,8.620586892960542,-4.2416330830153,4.9652205247823105,-11.248214656243457,-9.637526233447135,6.863843595101263,3.608261368724384,6.377075795295843,3.6120519766509647,11.714011189521099,-5.985537234253625,-6.07671743459221,-0.613291235827351,-11.256356722946448,4.865683803565997,-4.923398537970728,3.562081770800005,-7.50472032271813,-4.524994123356002,3.3441672010785597,6.012808830725189,11.60112422252458,9.437408939646751,4.596964656241593,-3.8221618422300603,1.1619010678132289,5.528270638789349,1.8066154723222718,2.54624135177263,-3.896042031098,9.202908682466985,7.682476245654051,-0.5457129837680298,-2.539406474108962,-9.703122255030694,-4.8521627977409265,11.158472375428659,13.997338680627452,-1.34235341082511,-4.132792947643095,4.08684263039599,5.08674523711968,4.401398868829111,-7.212138492827261,1.6961244113770673,2.07256913381194,8.710166333863084,8.493377678369885,6.802915195233828,-2.7609288283404254,5.8880172387734655,8.365468420216576,0.7923654127917532,-3.790440058504527,7.777967071669904,2.6330823390773395,6.073459032999985,9.873271630348302,1.9268169578979286,7.270706104271565,-4.3622692872194655,6.713148293934334,7.522505688527499,-5.899092116910344,0.4191696338145058,0.6785357050070058,5.184401909673169,16.519938542409864,0.9966663410133654,-0.40530874183333454,1.358607131924685,-3.4163428175808987,7.571647439860431,6.2060345948477345,0.06305708210353922,10.874319266737453,-2.7118588913017003,-0.2557890588738516
-6.402441210004531,11.67133032927631,-3.2784137215899816,-7.222399760387839,9.25541922430321,15.974193218905635,7.823152471043555,4.238802262145046,-5.309899386566124,1.735115067052974,4.289361553790285,12.278142833108319,-8.786233692218737,12.022212810333365,5.3252777826459265,8.349735037685335,0.10797736978453032,2.5841760793675466,8.784211187067402,10.230972772428546,-1.5837679652077201,0.6732390288756696,10.413067917277477,-2.106332748125137,6.381612242966389,-10.139700720651708,-8.565987496632847,0.7158210762325923,9.686816025512206,6.881410719356694,4.654741328208173,9.970703909323333,-10.804761336465782,-4.242205763935321,-1.6650177684463134,-16.03732977906011,7.68940984270337,-4.1377629437519134,1.52352505495983,-8.843577511582428,-3.6741186944439774,1.1621588041215993,4.892959770345516,11.032813624836194,7.442810612619523,5.305792113192849,-3.933283515274906,3.1654321452666165,6.399153365637554,6.881779059847762,7.531089553476929,-6.61738199421928,13.648707670394753,6.786064804743914,2.378310348409692,-2.7994035354555162,-12.19126927813965,-7.019471443984872,10.067701750672834,12.057879240719807,0.1424555079008142,-3.7435621723494736,3.258750135665264,7.29854354156372,5.7769596660986835,-2.8877978505637936,1.580415890545032,4.231150380552278,10.161497970672954,7.626102320685007,7.836907236241252,1.3150321760763104,6.338773667453129,9.494561857771007,-2.750814519853881,-1.5517208810795249,9.245735929253408,3.3795904871467557,6.34598999760413,7.0179646094501695,4.843510190032731,7.698553328826022,-4.585757919667875,6.442428834333185,5.924996768463274,-4.663387313611503,-0.6807024467682676,0.121168226374061,5.73041091774683,15.486077291871245,1.1577042857935442,-1.7480273473917034,2.2240389351935974,-3.052643487926782,4.834398132653282,2.4372602140904713,-0.5305828485283914,12.795355419373614,-4.291824495968969,2.4804589628570515
-9.11055634095602,10.38299934534912,-2.9705025866903787,-10.676066351515237,4.044362917176185,13.70914308160063,6.530413412618995,-0.012739177510066035,-7.082236663454164,0.3543789987475934,6.075630108174169,8.70216461650362,-10.161095159508642,10.450603955644576,1.4264187332560925,7.910279671426299,3.8545244397531553,0.45587519519565944,10.03750925460379,16.293006241639524,0.7714317340332371,4.235535504529184,10.063805137677022,-2.2423633654475,6.602130791410946,-8.344825993795899,-6.583944694864069,-3.946236420479922,15.413820439983636,8.254921249326303,3.7241398621869117,5.150094556036112,-14.244035893636397,-1.990049027359687,-2.7805016923010824,-19.141665443842058,10.321026807615594,-2.255446702283994,-1.4652567207925755,-7.1796869476885075,-3.4257931556620917,-0.9435690055365081,2.7625300267275144,10.536943379160814,4.970383053154704,2.2957108390992556,-3.4352590715258002,5.34773973341332,5.433027464759757,9.682739373688168,11.772924108388693,-9.993457930406189,14.632604788333017,4.393744597036425,5.12480507327036,-3.419053117563416,-14.742410914760196,-10.522894083349989,7.07060937748957,9.097898674988667,-0.26520284423457874,-2.4980565237096237,3.0819675879308726,8.892329394446357,7.416403807825707,1.766702658541584,1.2667023497355996,5.772874514560796,9.328067354882702,6.310617638084036,6.79630255034508,3.761847709738574,7.060791894728195,7.808687052220047,-5.055835776414051,1.3929969839872127,9.69874674600484,5.271258418526905,6.726533886180667,0.614442811010603,7.204761106988691,5.690580482236152,-2.6400406015435407,4.33384820842342,4.879072429788384,-2.7588194605994194,0.2928343679714479,-0.7470684084737225,4.6189670213172755,14.268745809612795,-0.061456456128885506,0.353743728284939,3.6518102974132116,-2.5360208282968473,1.1418743052910378,-0.5887516516152957,0.21047339619874172,13.866280911229017,-4.620620864779709,4.4191572877449605
-9.68885601033442,8.571753626728073,-3.3332443570704866,-11.648476562955084,-1.3786609564731198,8.730520344332557,5.434808705000513,-1.457185633014789,-10.292640626576793,-1.1924470179176958,7.87835123973441,5.780587028661769,-9.50678150833523,8.873128162459459,-1.2369651759784612,7.299415296274155,6.369483359163053,-1.2900352621559872,8.678015585619853,18.015293763629465,2.7366784018369845,6.043423993053778,6.700909042949469,-3.29418718314356,5.313630303141766,-6.053528688793429,-5.122754097156081,-5.205327235444953,19.10505937043766,10.292200586283444,1.06052060822672,-0.5310759306195356,-16.356265967619336,0.4401025028542591,-3.033657314284117,-19.041468675638466,13.252190697297625,0.3184035280460904,-5.318503241522709,-2.754671013318111,-2.936460991452055,-2.625055781877406,0.7697144232037479,9.19253862452454,2.0041550105945745,-3.5763481044510907,-2.5597530378103817,7.675809416746119,3.0518785170891563,9.929425602094074,14.074800983231137,-12.588175063249091,12.278470675931052,1.4964658921742524,5.681845696042563,-3.2615559032474164,-16.22282147517152,-14.369743714216309,4.250480887424882,5.414145409190665,-2.2880716487693853,-1.1797269526557046,3.6230702838543127,9.422446733032869,8.72549284736273,4.099735860246199,0.40019593455303193,5.380122557149054,6.690531505770402,3.8301130187010832,4.354990444764258,4.013003847118677,6.966337776917075,4.343715899547709,-5.726450938736298,3.6610236310389097,9.2660875735037,6.927470028214026,6.9647451424418385,-6.732776515140426,8.48536609836404,2.521298072340352,-0.03613920448678276,1.4145707119599402,3.576033636479445,-0.8861576862371687,3.10016526540756,-2.483000480941164,4.110744776602392,13.248166676514485,-1.658028243248621,3.7346698805015017,4.728211582715977,-1.8692813852385397,-1.9485353639803566,-2.4452377003503476,2.73356952245729,12.719365125626085,-2.281090530391869,5.50230088600836
-8.29570240544274,7.153775256040601,-4.671579390521348,-9.462040496725258,-5.097997034638202,2.97060001774034,3.4823365414306853,-0.36461298461419944,-13.726192923807956,-3.4925252552282924,8.609254506330036,4.054694092341456,-6.699201786182895,7.486141545480568,-1.86562600410727,5.078988699758055,6.207365423626262,-2.5820504997554474,5.30991741439772,15.714491051540133,3.981875085635182,5.972230307898618,1.7997810115465778,-3.1895354662655615,3.2029027330074245,-3.064373692939644,-4.108008163153485,-3.6737633145289292,19.77799238231961,12.037670886500281,-1.9558799247759553,-3.890762913125357,-16.76790609849351,3.179609055293425,-1.4961587165012804,-15.220811567250507,15.559242461224192,2.302289629098524,-9.400717566835205,2.330987796740688,-1.6674483140324603,-4.02504067962827,-0.39954436173444385,6.725183650184019,-1.1656150867143396,-8.883594082021553,-1.672850334955708,10.012641071595878,0.5219528544085421,8.868769286086495,13.420378180559041,-12.74908368949448,8.418238109559695,-0.947659449553957,4.177230522945953,-2.103291612127091,-15.83825260116283,-16.248380711340324,2.023481730532008,1.174123731371667,-5.490001000461671,-1.1546331022158962,4.190239536955714,8.67206631848872,9.250918695869336,2.6717558398497365,-1.4405485325468366,2.7292198169547293,3.4351837484365113,1.4151579427928127,1.832717686909005,2.370128471142994,4.961394237932519,0.7931938371279186,-5.503570062756227,3.8232049284783134,8.614162292426657,6.404914639074543,6.888694086265854,-12.274276194712478,8.82685265686191,-0.49922046676127435,0.9908400454135269,-0.9126151606665827,1.4089910597328643,0.6877868385234036,5.661900057238605,-5.341786251323077,5.747420443117104,12.096998012744212,-2.7676921710360656,5.163097338308511,5.427384740986712,-1.3524551306282544,-3.955489546858712,-3.697279302975886,5.973557809336999,9.418992767944385,3.2423309148680683,6.474617118292803
-5.770475770506521,6.5467288855132635,-6.177793541426089,-5.4734962708963995,-6.289403867973646,-1.6056588683234452,0.7071280118545804,1.630848734877381,-15.10553175886449,-6.978846458031821,7.908400489362279,2.9468613310030807,-2.9507567439734292,5.692263030576929,-0.8785726310944343,0.8784916893758252,4.289319564752761,-3.950142127551165,1.6547366636731697,11.317112124798852,3.335730781416892,4.762359064230262,-1.7096135964505663,-1.017799741796134,1.5987349574124785,0.6759340680534223,-2.8346935778664335,-1.580754626817589,16.936048655202438,12.862361255623574,-3.3730460856003686,-3.2765452550695375,-14.659998877284266,6.3072583971937135,2.2368576271143024,-8.913591528263309,15.748764938091629,2.374827568736016,-12.495664445712741,5.716362378771782,-0.041267772574108186,-5.964731266476072,-0.38206495645694494,4.194515360126714,-4.098638462183635,-9.903142786356245,-0.9453008930441853,11.700633432706375,-0.882129849856641,8.599591296568503,9.931128000684243,-10.24444277370782,5.0114192446068255,-2.5756632331646614,2.671665121383866,-0.9079314697342915,-13.932915981058892,-14.783556632155431,-0.42437275863015644,-3.5825216683967263,-9.230032170549322,-3.004576879734371,3.5740147857933837,6.999741038831923,8.332700239300408,-1.0507409272671107,-3.858658423355684,-1.0260305321353445,0.8477287767266309,1.5143463792355465,0.5285288602706028,-0.42043561764814763,1.351681595614173,-1.5083332167919592,-5.456649286884979,1.5063817715532104,7.856050761412572,2.942733185529585,6.055390981045257,-14.287203430272882,8.887341708687218,-2.109910274723677,-0.3960498888110331,-1.256998909153439,-1.4363383751451773,1.906227778417998,6.076449839306864,-8.662268080024326,9.183650445548022,10.300419713658098,-2.689519847133799,2.9363436261104523,6.150161420773142,-1.0563368509102395,-5.5817483035581645,-4.960564713835741,8.036268265649479,5.468219690599175,10.47236030822176,7.551443660782977
-2.98665504361464,6.340392949559218,-6.87998528576957,-1.616688850928158,-5.724414149570844,-3.831937980169821,-2.1624441556378056,2.9371848203739916,-12.419497494644043,-11.036100333349836,6.137005043025775,1.4269438228248026,0.30329287672048943,3.2987489425324528,0.6259270773613108,-3.503707918387504,3.1505524865364434,-5.979153762706747,-1.0665349066761896,6.618533612017874,0.13905913012351945,2.9492003598493004,-1.634932956454696,2.485465940106989,1.6133101078995973,4.46712943037444,-1.466517379171964,-0.369189058330323,10.732207991752517,12.644747918888754,-2.286434029083035,0.227807458566327,-9.709848809070833,8.91070585797775,7.472766039177092,-2.440617383034151,13.67714686708675,0.5072046522421769,-13.706669461608756,6.680924633222859,1.3151951248704163,-9.015384453899863,0.7791029816522895,3.014825997602161,-6.391326893059415,-5.9786259493850675,-0.43954103508317033,11.573423704534465,-0.7603527632959435,10.060765597169686,5.22176626643848,-6.5208310680036305,2.8116990133564297,-3.5591904371737946,3.2192044203356445,-0.4408391261129877,-11.685407838601058,-10.922741525951013,-3.478646009815078,-8.256057336166151,-12.404078200327083,-5.813476697189104,1.0689006399931467,5.302379823040298,5.7813825405314345,-3.869975187020706,-5.6071444083176765,-4.148927933374716,-0.5242190218337716,5.151300064452192,0.6530134071745058,-3.3803190696350547,-1.9868285464027289,-2.143557768616768,-5.844539522330806,-2.214053083115615,6.569296801474679,-2.2338672577431296,3.9815031404647936,-12.488001769623144,9.245638033229984,-1.460984120841838,-3.1428143406130076,0.7382565888740809,-3.855945203649231,2.5263714616893926,4.448402513145254,-10.896182752962796,12.414752427424139,7.622529951232938,-1.192868726312474,-1.9374234150381682,6.9141766127516755,-0.6744308619075348,-7.390394513512289,-6.432599089955902,7.937879383996708,2.7336662327941683,16.43895193513771,8.036675792928026
-0.3881426811135036,5.474705008790828,-6.7852132703412416,0.7265424816154225,-5.346304096578811,-3.8271542096215594,-4.376604910423572,2.7186554433389922,-6.062159715175564,-14.106762994307633,3.94190012022272,-1.0905737585285018,2.4961225228863784,0.7866404983137878,1.7419228415181651,-5.866512047234924,4.491673119289538,-8.216566266984552,-2.924276547800721,2.5265624252269068,-4.620873959237565,0.8497458882524289,1.615350032152618,5.397636965379989,3.236223972057616,7.3937823566764695,-0.8776962151434908,0.33702209563273566,2.6255121858584385,11.221720433769278,0.19019612332739577,3.698328953512628,-3.0482299517928237,9.686397922694438,12.363298434930002,2.0267503039958,11.016141090579456,-1.6488470035711893,-13.112235518504848,6.5388714389096885,2.8751040337017315,-11.964618345760679,2.1890826248719835,3.4717280413922387,-7.640647258584411,-0.3911704793756723,-0.1848484913331463,8.96153942735549,0.2653359976754399,11.844966774711295,1.3521439763794683,-3.5444886865335223,1.2800690552612326,-3.671735558473651,5.989636798654573,-0.4734621609970323,-9.779235667915179,-6.821887856081295,-6.324011971262798,-11.288190439397715,-14.03392220296827,-7.903170871876062,-2.7960695755141733,4.325412889459779,2.4001629581412574,-3.804731550784184,-5.834611166624466,-5.458045039701996,-1.1664121576513078,10.184970939009958,1.063430588888156,-5.134438219077646,-3.093432549466867,-1.434407299890208,-5.619388191953313,-5.5954945396902875,4.314024266931825,-7.097225872178997,0.6152737893252707,-7.848495835674848,9.849737964416194,1.342190957822865,-5.627077181992023,4.126311286041402,-4.493265912755458,2.186248144949753,2.4482355724419715,-10.860375936561358,13.375860853845756,4.568901711626095,0.8565208758734113,-6.663770826923804,7.429290361615191,0.10855434898453113,-8.957949933102359,-8.022402810817502,6.20422750377122,2.0298644377938286,18.436874282411054,7.385201094818461
1.5943787852549722,3.091779493163644,-7.056109523275911,0.8743971990379094,-6.346838414384297,-2.269627891496869,-5.553868751583232,1.0639371512329272,1.0995767014530315,-14.831602771236746,1.8734393822665085,-4.073317270383219,4.143835529701973,-1.350928914801159,2.0657877316629185,-6.050133162951965,7.546038983201959,-8.798962783262379,-4.206847218324239,-0.8668680834896358,-8.746559288929287,-1.0263016542305112,5.047890962198982,5.946480770170286,5.224945406471717,9.00368218410686,-1.496729911893195,1.7934561767663837,-4.907992865294986,8.457907885011194,2.3550167899722227,4.5745678186209044,2.8012125131380134,8.209712679313188,14.911464283623502,3.4156414022630557,9.596003197700377,-2.308996232669244,-11.445184457374328,6.912827162619698,5.765815796068207,-12.243270201904732,2.4768998966932294,4.512220529794757,-8.065661529239941,2.0224454845151474,0.045305904609406866,4.652704262503594,0.9708487956121434,11.52723100630341,-0.6622333000532414,-2.1785285045176828,-0.15211216148924822,-2.237629087764031,9.084475531745115,-0.5332067148752271,-7.761496360837425,-3.8890070849849905,-7.607757970687151,-11.575841687753694,-14.102861031433354,-8.091194335159024,-6.7040462216768795,3.811563128564682,-0.8195294921291789,-1.7433732950450762,-4.815344061144758,-4.817402415327766,-1.8417771447194053,12.891445282704865,0.4371322241352773,-4.561853009358371,-1.4793998540314623,-0.0995475145660234,-3.3934684894341163,-7.255606977931446,0.9368000130030165,-10.192182056343768,-3.480019677077135,-2.0713208366379185,10.015721700362374,4.9856104910953265,-6.819871748758141,7.339262612122379,-3.0045507669189506,0.8723241374335897,1.3844894184208159,-8.752119661473213,11.582176425939878,1.9283207787209524,1.8727847012535928,-8.718999174120647,7.633727761760368,1.4291056530266686,-9.224480720285936,-9.266351500964085,4.032208786543511,2.2440606785127706,15.694549258373433,5.77359098798524
2.406519755394435,-0.7075671900880494,-8.837236226415607,-0.8062119807796218,-8.06922334068296,0.3201444492513743,-5.882574322948633,-1.261800934850572,6.204008804214588,-13.00173023517904,0.046507250966898006,-6.216331563806955,6.001094454109499,-2.9459934894124693,1.516284702784728,-5.265365822809141,9.687850170916622,-6.061422866610211,-4.629823747282501,-3.832400730727283,-10.262074113692796,-2.2472836889057906,5.291539143148849,3.9292010190557907,5.812845726260284,9.103563187160994,-2.7029646218958936,4.641600557314775,-9.999493671261085,4.441469503632183,3.8068805538692176,2.659040802894017,5.635108023311523,5.148630316908994,14.264434209882255,2.1482724770127613,9.81651362374312,-1.3980983572501973,-9.36061330308426,7.888755968155371,9.922755109671538,-8.315712985073084,0.9097571184680096,4.882869013130891,-8.363689998500334,-1.232965783729745,0.7095395687301185,0.4952132612351101,0.20742948958410867,8.271836165326098,-0.95624159991331,-1.4596858449413344,-1.1620177639990277,0.9186984067658811,9.953298410040796,-0.6701646314501745,-4.733516686383458,-2.07063928721829,-6.917948018136921,-9.95547045166502,-13.219062289146343,-5.9434714466511025,-9.426920185595641,2.7681369934569817,-3.4059808227615385,-0.36781710606989426,-3.340203806921283,-3.113203741388576,-2.6910970503122664,11.150631788577394,-1.298414449513495,-1.9325745037745823,1.2787285837184683,1.4398988875968648,0.8756118947198974,-6.672172307414472,-2.8378031213372523,-11.030070227190617,-7.222714229784739,2.9850611445992867,9.367142134447757,7.464929273602249,-6.680161149057341,9.241515991918538,-1.1463354883999397,-0.776328018599092,1.0105145588029738,-6.086792609227071,8.376136533196743,-0.18011943862591595,0.9161546413124038,-7.6292684430127435,7.675279476872322,3.041313519190081,-7.487194079098135,-9.582482163811385,2.4250211601479754,1.5033399539312389,9.74994212540058,3.8366698872732665
2.0379744624564053,-4.971859225171292,-11.729111365655026,-2.6022581858505163,-9.185545631936009,3.246764301447479,-5.511542173885544,-3.7340990677192947,8.363621932014729,-9.60203716126099,-1.6770924302702044,-6.537047136720291,8.298814693868612,-4.0305636254096475,0.39665690821882466,-3.8021588299020808,8.545198233394068,-0.8065384498672197,-3.967463946262987,-6.585698632523306,-8.41352728121575,-2.794266322512776,1.2583829434659526,0.5405200294132388,4.131007126693629,7.499043103877569,-3.4942854890039396,7.917460708042917,-12.593175425018915,-0.62245120592732,5.233497361906777,-0.1733010988624848,5.477447822431228,1.7313837975719557,11.226637113121008,0.015918325427205282,10.803733748398693,-0.7096400775560382,-7.152432486399744,8.129737077101986,13.516848237166322,-1.2229071343959417,-1.9852654799267961,4.181497245145427,-8.555660800626057,-8.102747111263362,2.0174556476253955,-2.3137319294035574,-2.3510003255613467,3.6138443731681877,-0.24563293775637263,0.06527825964175182,-1.0527258419105934,5.015406725601549,7.260413484170384,-1.1394262819224619,-0.5795052089618622,-0.7668991826970695,-5.632085327144649,-8.428637616714909,-11.611173182560798,-1.6461138798918382,-10.271201914920464,0.5663676765856813,-5.148278985379182,-1.6098018163666428,-1.9910703620494532,-1.6236084790787824,-3.4740552653400676,5.7894394745884386,-2.768860005418342,1.2383463625351583,2.556425219989857,3.4581880910374396,5.703744862920573,-4.287967574387833,-5.309289601999172,-10.228474665714797,-9.487184874637892,6.1608901820800215,8.434204325991832,7.486396377859096,-6.271317985941332,9.895266668565682,-1.9991991038109438,-1.995787417093498,0.07875773758644089,-4.890466504746693,5.728765700177952,-2.3153867039717877,-1.7544739003950784,-4.894381471420866,7.421653561679432,4.0611291049063345,-4.094367677568906,-8.845939079812384,1.6610284615827795,-0.6591597548682504,3.0846998692115912,2.496718930677339
1.2604841286447483,-8.587560588269225,-13.6685977675433,-2.4806285263838297,-8.943499334636012,5.4270293651043495,-4.327549212326445,-6.452574194174131,8.412780577106735,-6.318961089069916,-3.0697641756542975,-4.9732477339657155,10.543540749894474,-4.762567623687138,-0.3980787837844647,-1.0300248116184614,3.8423960382254645,3.6780576297107612,-2.6031317389873627,-9.024591421920007,-4.027950229874624,-2.7766836110826154,-5.018996902235028,-2.867568343494076,0.9805585346863448,4.385076758276936,-3.79140651494325,9.308203542546696,-13.907609928073514,-5.908917266881919,7.0918535832628375,-1.9939564611477159,4.142338600472076,-0.9023952398395477,7.768335608580889,-0.8025666839779091,11.470468313628665,-2.104529788395018,-4.693237246310696,6.306143487704084,14.340612665445356,6.220401703817036,-4.775571277127137,2.810881236873586,-7.9092074781517026,-13.428173585054303,3.798120836074948,-4.422540768990054,-5.886630517814224,-0.3052304842551421,0.43791394523230687,2.50812313481074,0.2869211090604318,8.790526327145756,1.9238945864168984,-1.7132051950769527,3.8430783944303846,0.20005676795219163,-5.558737099595027,-8.114995609953787,-9.244205599192949,3.5856798548018993,-9.030111538465842,-2.6714254756741918,-5.596363622765796,-4.890598159191163,-1.0380924524532344,-1.2156423263304572,-4.106963005748262,-0.5297114167419723,-2.4782606822675826,3.400050695092042,0.8261850450605194,6.088604362043508,9.52107679802762,-1.2277304050524964,-5.274030957690439,-8.791203351501924,-9.96581480925862,7.365594634639394,7.911569292408125,5.435303371568603,-7.049962240608323,10.115312169371371,-7.0077919524769,-2.4596217344144025,-2.213800241970009,-6.132107004172731,4.651487952104318,-4.8943960719576785,-4.930264433420783,-2.127160160099465,6.511511882828499,3.560905190338369,-0.151918688203722,-7.670191226034547,1.369625649851442,-2.9843199730056726,-2.609590619441126,2.570826361719796
0.9179567667324886,-10.806950342062324,-12.781638417646402,0.3110450254156354,-7.297606092941768,5.998730253376296,-2.834228508041063,-9.273821998509325,7.511751222370263,-4.772296683527852,-3.586581492251821,-2.652006801468623,11.644295811802033,-5.19104060950989,0.3161911217886957,2.8859477787655137,-2.5024534697849594,4.119591103783126,-1.367471554554409,-10.975631549883804,0.5722770879994927,-2.2252068671088248,-9.959604910429999,-5.324219500062576,-2.5342197243708133,0.4569336801709776,-4.626919434730215,6.841847136614062,-14.863789485662343,-9.622755677633133,8.806751668921684,-2.0701157590996075,3.05960229812905,-2.1158045541391703,5.6139065600777664,0.7018515395263947,11.146032762663058,-5.439448100520439,-1.6639000954231382,2.3306011065013577,11.545438928738282,11.41251433788768,-6.3310288229185785,1.0561291234563464,-6.155065952630835,-12.997549045479587,5.840113332215397,-7.399343251826778,-8.889502371258668,-2.5396683859472104,0.024469204285237023,4.254224759842044,2.443160937147362,11.169105258035358,-3.8875054508256763,-1.7446834867851397,7.7253219682604986,0.756667862190354,-6.9808679944804926,-8.361074179448458,-6.570092719982746,7.819661451876051,-5.920578370701325,-6.3241650872817505,-4.294111158596019,-7.602828092197933,-0.4458726334427472,-1.9788633289443776,-4.672970266198986,-5.095376689879744,-0.2439004023046208,3.8566830237215504,-2.920158767075164,8.441790402009502,11.63891986962855,1.3768738484393621,-3.418890349183882,-6.8653753526450085,-9.892104879139048,6.782631541779317,7.80132540703483,2.787513185707202,-9.213157457176672,10.343128257592907,-13.965779830811986,-2.3455040967358025,-5.421507433511804,-8.667316759735764,4.250972513435466,-7.620396860155532,-7.04542588600906,0.2742071288168151,4.902600293369411,1.7059151229704836,3.150603782795831,-6.972797914118508,1.2325572980151587,-4.15137675177707,-6.599679815892195,4.030533305588621
1.0565699088018548,-11.34246590337168,-9.219599263711832,4.5566303228350655,-4.842635447231823,4.9276902005200265,-2.2222047694327305,-11.24017201980597,6.2246052111146035,-5.709526080612402,-3.142829975645253,-1.3999737722153798,10.47853173227768,-5.08151512845743,2.7207654742294287,6.418629700619399,-7.6814033294207285,-0.12690492929736585,-0.8602002593333472,-12.700592037041703,2.958296874694583,-1.5071051051723994,-11.237218038650479,-6.216030579881167,-6.3981698488345575,-3.5105233233130066,-6.675520733059649,0.3020538246534721,-15.123959522665892,-10.207001715797613,8.813039584985209,-0.8551055520844382,2.3273601415846326,-1.9359424648394232,4.824562691352626,3.7304597170765836,9.54706703943825,-8.691293313845105,1.5928118371460673,-2.2681778052387807,6.231045449742657,13.173910472451594,-6.757924696337786,-1.3852457745334172,-4.1789317648793745,-6.741314832413016,7.79173902593695,-11.837499818739145,-10.174810303350013,-3.5975166908844116,-2.2360523460898145,3.3177185523415385,4.843751547188444,11.18393325735909,-8.296450487145236,-0.8609508457750426,10.78176532216847,0.8810391620487716,-8.74710221022986,-7.945939358324242,-4.408041963250374,9.858046538048768,-1.701431380842701,-9.291224804382086,-1.6768920628050947,-7.528678465338116,0.33622998354876543,-3.452105100278587,-5.100383605647453,-6.3149169294308365,2.670235332876607,3.1714406487973323,-5.983483423592929,8.97938779252222,12.223324606380888,2.9746662339966097,-1.6422547412094277,-4.076285566597935,-11.020943883735427,4.179079251505133,7.673714282050433,0.8296411936461658,-11.133304196383829,10.287238731985152,-18.654034853465802,-2.2066359236507864,-8.231698986139117,-10.494671184684476,2.3987158681576424,-9.876063410559885,-7.359400379918367,2.591521785387091,2.9929868924091787,-0.0883220395792842,4.810245952914944,-6.84759262748539,1.3614499077882765,-4.241411946761735,-8.412311962002612,5.735195520905663
1.0125114534871495,-10.612370429543475,-4.910560437020443,7.6102042773126115,-2.4464950788586517,3.032478717734106,-3.2581946907926502,-11.400723633708665,4.4829750520076175,-8.721760772705103,-2.3383938991579036,-2.0521344448490346,6.799266149845154,-4.004508468162523,5.241290008063321,7.444960161836379,-9.588311835411396,-6.36474561913475,-1.0707621591424241,-14.73983067041995,2.1030929233266917,-1.465011846476348,-9.569113868653218,-5.420043230737901,-10.655772406196764,-6.511661837575313,-8.999903689827093,-8.338698935437336,-13.571769950674664,-7.72963173716407,5.4868276438334505,0.6542105791630731,1.6119097790520645,-0.9693711353351989,3.925260787108083,6.701327132470544,6.594306037767136,-10.194609869278041,4.042629896813389,-5.23818353449637,0.5591799313003312,11.992785428447528,-7.0203272559052206,-4.5570263320747095,-3.2879542989404955,1.892980739617295,9.089264924447145,-16.446248065255013,-9.659358679140835,-4.531242747598211,-6.152346610631897,-0.39551715525275677,6.621771749533039,8.091547768284855,-10.047286042676188,0.7115016130429206,12.874960553428126,0.6688259601144049,-9.666417679387767,-6.667110136036716,-3.135489195220904,9.907239179762325,2.4401835238513967,-10.30538280654708,0.6841105845801657,-4.908968013247806,2.030314998681316,-4.782240918966288,-5.12043361090021,-4.4692463756270016,4.291520483510029,2.7904810971148697,-6.150004781736749,6.676294203868112,12.183084522501119,3.7204305514119413,-1.445419657119794,-0.7013754503715359,-13.351891039376575,-0.2710144892026818,7.072553739651134,-0.14369643142449506,-11.036712078780702,9.431069736153086,-18.39826173412,-2.2681373083531833,-9.506064483217692,-10.638097358959495,-2.1606051577206777,-11.25255930418155,-6.463110095949753,4.506452377782112,1.0064415141503076,-0.3893809014853601,4.140868710098662,-6.032702512047166,2.028609426458302,-4.4418075262751655,-8.031891732389067,6.154016000614527
0.27748419323997614,-9.88065148192693,-1.883847521914035,7.308549190525696,-0.6153586920982648,1.2526558355187274,-5.508939054544779,-9.94817927657289,2.2101516390218197,-12.542975370655167,-1.8177802639291902,-3.7362530245954177,1.6487091768022286,-1.1568689353196113,6.012016562270423,4.712217963318131,-8.186379134152975,-10.644067978898935,-1.7363997670573748,-17.083358479509677,-1.656455252230538,-2.516725464481633,-7.510130251312178,-3.465610608397105,-14.023329939937826,-7.324571069847714,-9.638318998990718,-15.361978476271293,-9.3128415937313,-3.526207601014009,-1.376931064261656,1.7232707257412572,0.9717639420414801,-0.0412439323645577,1.2616479267645841,8.859326343221115,2.6079715329855624,-10.049773592456493,5.053768508032836,-5.1601837490612485,-3.460723359482572,9.684922354035077,-7.63808002429896,-7.163486096663912,-3.7887008156547193,9.25139368344382,9.634613899765842,-19.01013087909532,-8.126681945481849,-5.755079549064877,-10.03214777966694,-4.382877833204261,7.101945625381783,2.5442797486764515,-8.772419750146888,2.2427482074215397,14.050821003974344,0.48384967293933556,-9.223853055537127,-5.2441688369111965,-2.408690810625719,8.925955320328978,5.427879440396807,-9.085092927151507,1.2429145629283307,-2.149488541809208,4.966269832319609,-4.888281582468183,-4.649693264993536,-1.6392519602637767,3.1302513988128107,3.8360407601601922,-3.286265751093092,2.059637794762775,12.625061801398674,4.132040792015878,-3.0289642882207213,2.296709807610291,-14.692104672546765,-4.927034551987767,5.365596213385434,-0.9107369479306571,-8.55696599975639,7.7518598856934124,-14.03841396966369,-1.651132353587564,-9.055754993833308,-9.334615093093044,-8.23082899783032,-11.302860155581305,-5.27686169728031,4.969860158583133,-1.2432099865849544,0.9307872040573721,1.217128296275645,-2.9756205775228546,3.237194376890415,-5.49066440673498,-6.148017638109424,4.494898051409823
-0.978315972354183,-10.45927210627184,-1.131924431762885,3.950306351923207,0.7631609124873187,-0.2955868839629794,-7.768312383999484,-8.122642437931443,0.009043971962212627,-15.69987819140767,-1.6644089464726104,-5.087373258604627,-3.1981781043875688,4.025317777382079,4.672892985416706,-0.7955252241552708,-5.713604920519772,-10.998559899998437,-2.620866904395855,-18.762190637659298,-7.067490770626114,-3.825322483891027,-6.565910761746995,-1.304410895494684,-14.888017427571208,-5.1078503289069985,-7.1357233609939925,-17.29153046902784,-2.3124474305386986,1.00842168323879,-9.726847802955294,2.251296344883367,0.8557398750329428,0.13282130130670966,-3.8776026312265,10.622712095342985,-1.4737915870055307,-9.21558212636397,5.056847135471167,-2.4393298417433473,-4.896743217564392,8.157038940848444,-7.991355859847568,-7.412865198179615,-4.635602498502996,13.824268999083962,10.072586488269229,-18.276999295360525,-6.10791423391104,-6.856090782633652,-11.547500644194706,-5.48353873166151,6.633223998016644,-3.010689492423449,-5.539827891766814,2.478747705786704,14.698060457408074,0.6400144242105585,-7.4251550941525055,-4.254091452429526,-1.6161285571103274,7.819324325376996,6.752920795810663,-6.781016995656664,0.009288190887044578,-1.539541155187492,9.017746123077089,-3.3936400420993467,-3.817632113872767,-0.01685764172493709,-0.6472084216656282,6.401126674002797,0.7202354784678067,-2.711365131695685,13.53776578205361,4.5329379512199495,-5.332723608450961,3.99468299432894,-12.80522913881175,-7.236688745663718,1.916182231065814,-2.656906025950715,-4.350703789718423,5.675698985108663,-8.488411394016392,0.9768453927421614,-7.567407340365888,-7.1112011157967,-12.857936579780214,-9.500698022094761,-3.9385063960569857,3.216000938181444,-3.9018166388694633,2.6184679178400057,-2.639043856632055,2.3685604645125986,4.709625099935705,-6.835565404457403,-3.5512020877989556,1.4543496329425096
-1.9249528998535155,-12.547907726485722,-2.5761661753873097,0.2108176327656035,2.024594063077508,-2.354326913104569,-9.130531927190981,-6.699485233803361,-0.9110010818035935,-17.088333294087768,-1.467037939560747,-5.412274281739859,-6.208323523213358,10.32326450852344,2.1832423096906965,-6.592209820824477,-4.834656188746596,-8.22399857117314,-3.328820646102961,-18.54785505665309,-12.071538707696968,-3.908464431136525,-6.240827323895064,0.5631707795071779,-13.348136145316383,0.11139102716022764,-1.6883286872203653,-13.23491487942017,6.248054171908046,4.818928552813276,-16.32945715532419,2.6038193395161646,1.7447600249880337,-0.8471994202887116,-10.623593914604529,12.706607454225965,-4.372482514518487,-7.9869857565221665,5.369772110654658,0.6955144359325924,-4.2663324343054825,8.27967658311629,-7.294394936085167,-5.05182244737213,-4.481691556256216,16.04382739229404,10.920248885640548,-14.798761015405963,-3.2816130761189957,-7.330133317160321,-9.545332284218077,-2.547824881067541,6.271799096125397,-5.908698766764968,-2.4814012192972674,0.11426297430246246,14.881973961691982,1.0370368763955442,-4.767348328874631,-3.561743911216392,-0.5655929471761363,7.347406930896325,6.640352931138936,-4.876965538813468,-1.3424451985502344,-3.1374757103646917,13.396866568440263,-1.5011526917841413,-2.557530663107432,-0.09843658200330951,-5.252830936469946,9.682362263487969,3.476237995458459,-5.1128596257457035,13.314610308929135,4.882794493850222,-6.923775349814032,4.212680574344041,-7.7348923411336665,-5.487150773882711,-3.1822655895326184,-5.7485719099686134,0.44420592445556695,3.5354535656094264,-3.939706263235834,5.875861938962386,-5.8751318607921705,-4.282155215701961,-13.584923744251203,-6.016698157107637,-1.7355113413429195,-0.5584264758697934,-6.5543228370114885,3.305319318862079,-5.29756869627928,7.787560988064261,6.167347851243208,-7.322404050281052,-0.8093752841405499,-1.2658155100577324
-1.4395381247604386,-14.847200176248874,-5.20484470387181,-1.0147316145117373,3.255855632386324,-5.356081636375805,-9.497844500505215,-5.079178611396829,0.3224361580160482,-15.821141162493095,-0.9705130496088865,-4.704950182898665,-6.718609267269922,14.807523660604675,-0.5374668094308848,-10.834271506658084,-6.424189129183745,-4.211900437738695,-3.141737051226914,-16.11443998415217,-14.252726623572377,-2.090495032711952,-5.319562011646827,2.635244947240758,-11.186293036181537,6.975922082576304,4.937340400051891,-5.309033165243063,14.181887049023265,6.881630611036772,-19.009823220780294,3.3702595463504403,3.699838210131259,-2.960915530017873,-16.6541638832123,15.41123595029389,-4.964407569778857,-5.612031518984534,7.198942796533048,1.630669997207587,-2.813254872775553,9.728303200161285,-5.816466102811445,-1.6384565015258807,-2.711877463608089,16.785325525884716,11.95760668431847,-10.38304357436275,0.7710087379307589,-6.651686396863582,-4.701837141810919,2.909472217223568,6.826133877695037,-5.088718840518161,-1.4466961639340443,-4.509451151541827,14.093007976507835,1.40551560817228,-1.9953064452919205,-2.510004157678319,0.4470667096499117,8.171290634950118,6.029688870167639,-4.07642830548106,-0.9943567546475172,-4.745249835616652,16.73940814777143,-1.00776782549426,-0.5646140204781702,-0.8217139106761664,-8.505671882844565,12.576285166395508,3.977332859447825,-3.7895658836814645,10.421325135879918,5.068011318438405,-6.9788358341648085,3.754963681380154,-2.0969802931419377,-0.08599648954924421,-8.61070092494512,-8.978570615607484,4.3523760270692335,1.6536940290945006,-0.894698483973467,11.644457199979174,-4.266077318066744,-1.387708925543936,-10.22251021359015,-2.117729920812616,1.988469331862893,-5.304976132829895,-8.375959148659339,2.624578636473073,-5.338307589278618,10.471151459981613,7.34283591433549,-6.271834439504812,1.5794555129420833,-2.581036514639412
1.0854704008228047,-15.34653349149068,-7.304293547808505,1.2174200598112592,4.4050256240575,-8.513392021027478,-9.037033413219499,-2.647224992670834,3.279029802823464,-10.9790382924594,-0.41567341373093836,-3.2806256264064104,-5.146032914300407,15.062491869357242,-3.2131952556947194,-13.083786518386258,-8.961517246193416,-0.19561542034045654,-1.5228379668026757,-12.42430295678717,-11.955602149036533,0.9719529393078878,-3.130543802315367,5.440031851663582,-9.969506663392742,12.618292307803207,10.564451948702139,2.517674602259915,19.234032280282538,6.592463639960105,-17.629731561884064,4.732695171163192,6.2049842439582,-5.523983313367753,-19.642920371864257,18.319683108603666,-2.7412893130373863,-1.3048003721113077,10.04517170375764,-0.2789599782640222,-1.3147366596511014,11.235653406944069,-4.515784958799324,0.8565149892002989,0.38937112850827216,16.335460821800808,12.603261289400066,-6.953955918963474,5.465913794693608,-4.176445156164936,1.085148715311536,8.179009502254193,8.19717277694529,-1.4514273869563863,-2.846911697874007,-8.782381703362528,12.276878928162379,1.4376752614527715,0.5431938860161916,-0.6833538776352142,1.2174881249257936,10.057378337136033,6.122471760482663,-4.265647104671931,1.3176082806374496,-3.7441656639877445,18.12160983956161,-2.294045991036052,2.3866503772860113,-1.1104710180030284,-9.185770544277794,14.312222032980882,3.2953628983889596,0.9117782625005892,5.3783668626273515,5.234797780698838,-5.609230922219679,3.681646466291274,1.0723011509904845,6.808779402728056,-12.341167973519964,-10.4023424386453,6.310954069713725,0.5943629802101333,1.0088894476867907,16.124786363237266,-2.5937768944302153,0.773055295387147,-4.703788040481083,0.5718597012578506,6.905523933500541,-9.340501713444938,-9.084185314246668,1.183126631598075,-3.1495276396723098,9.56798036566665,7.996007759995757,-3.912196148373336,3.20680449302189,-2.9454937130880436
4.887129216842492,-12.843947778059924,-7.378224083321867,5.578086618385347,5.519016381142487,-10.63432093805001,-7.5382976977375815,-0.24721417116703526,6.06214329423469,-2.4730078719201005,-0.04329985884885401,-1.4706024948073475,-2.8657879216968016,10.889282359051332,-5.631656850481125,-13.427490265138301,-9.509576156771189,3.765722681657561,1.21197283926237,-9.135733259150825,-5.489056483578322,4.09907603776299,-0.13886364674078,8.33448313435882,-9.941159775731052,14.217341436273484,13.674394731493926,6.610885063102758,20.13256165792378,4.242580081647254,-13.278167089371067,5.90249963514356,8.328427674317506,-7.148602100067418,-19.04390588449501,20.36660670502484,1.884066687750238,4.581008744443784,11.91855284092031,-2.963270761644419,0.2804872623472998,11.288478358565602,-3.7440784728092145,1.4556354958160576,4.120485578708339,14.74034395550675,12.395733604797432,-5.375847709824473,9.112694503275074,0.23146624473374278,5.5698785817411665,10.821224222141595,9.308160134066949,3.1487313434400264,-5.39615887748614,-9.931505167310828,10.338425705905653,0.8658889567046653,2.989642707969245,1.667581977640201,1.8448801192324238,11.748411313114888,7.581642624856474,-5.009966962961716,4.062947052525606,0.9788052723482883,17.761779909123938,-3.869240809814146,6.194410441910512,-0.4956147521004932,-7.865885676252233,14.682484388256352,3.1998642734472957,7.358811147572858,0.5891291945646753,5.672958681716612,-3.4119520799318823,4.1300398875758795,1.0754453382904035,12.84587346390542,-13.11125554623813,-9.092717521528122,6.518931440005927,0.554286258125742,1.9748885058847396,17.964518577317268,-0.9742465902545505,1.9370953212126283,0.5933139784832289,1.257678086919652,11.901763944050895,-10.991014295397271,-9.136660500411685,0.012316225540255132,-0.4367278244701793,6.510446223054672,8.13127033693976,-1.2930783748410037,3.7011205857256257,-3.1487791615281493
7.922606418206516,-8.087909059003993,-4.961499532292777,9.804759317645669,6.475362059250453,-11.588574504034721,-4.486437830637049,0.5652535058297943,6.202467021339151,8.072631223584237,-0.020681568138032014,0.4772243420879295,-1.3186833041958943,4.150971677773518,-7.095407834784686,-11.934034294236001,-5.75089325782887,7.8818225838707665,4.058515985313558,-7.5583739887247265,2.5749937919658414,6.474199342003767,2.2759965502601656,9.624657505506242,-10.185222966173374,11.219546035956528,13.731686662918968,6.019199481043506,17.35291931393753,0.6275999156654376,-7.346545754862284,5.701792681187129,9.018376332171227,-6.3902978907364885,-16.47040881550294,20.4880822643792,7.607084060084605,10.507152323778628,11.727326331936974,-3.7575061504839833,2.257925126994326,9.42391353536002,-3.014695116511266,0.9474875654462911,7.676279674267871,12.708059969296167,11.080269567954637,-5.13459396642511,10.017509422863139,5.582159070623082,7.2430231645367105,9.703445657288347,8.793140877887254,7.250706588116139,-7.061289369809976,-7.3706171263741656,9.188316506686638,0.11106557574667741,5.381070841888561,3.915617127008071,2.5991220122078227,12.262680487362065,9.970297995254981,-5.895289083025404,5.267783324229414,8.081743111981194,16.46037123507323,-3.9335812099668233,10.194625490365835,1.281297018646642,-6.487492920089164,13.82259820674777,4.278405407040397,13.234086992851978,-1.477739274068314,6.284160817279194,-1.14069973088988,4.462546732213144,-0.0002161981401176405,16.725115759666426,-11.483045349725378,-5.958005613848311,6.579518937190864,0.858391517603192,1.9188684770491071,17.436689802508994,-0.015040906928889708,2.4106535299536196,4.118790347742811,0.5718990294466545,15.722421754554883,-9.51076965242445,-9.001235334876757,-0.2316787324340881,1.246019075935427,3.2950937722933875,7.8600028641076936,0.17072589812599043,2.670099151640531,-2.812135376856621
8.38828197503754,-3.3929552017437503,-0.5478299506902569,12.106699328233617,6.808689311330738,-12.422441326732008,0.35988748610638144,-0.5113264973157932,2.4146435760494644,17.837695722798657,-0.9116525364536208,2.0037540819626614,-0.8816739898800872,-2.457295497956901,-7.2703604180970505,-8.910385377504824,1.7436819982451737,11.528059654203242,6.036448916206865,-7.816564755123036,8.782394003915789,7.962767573189648,2.9063629819377708,7.953340041843831,-9.24615580617974,5.479026609972791,11.206315734098862,2.536466277083007,12.977649291309493,-3.1093546645618533,-1.237787703894851,3.7561075151704997,7.632117601592784,-2.9212579858452052,-14.389753770170673,18.347110394380174,12.389142836970713,14.52646479704274,10.473332437895172,-1.934430682559023,4.355883553843294,6.883088006332788,-1.9856760603279704,1.0530781006517844,10.251418803260147,11.493650813725477,8.67566471674627,-5.403367014963161,7.926908186817949,9.863731391287605,6.116689498104687,5.942844121664962,5.923676429951268,10.19188223898919,-6.883790215744736,-3.1130543424530965,8.919803977970092,0.3584560693706256,7.358895882853638,5.7062477150005835,3.6809069902432467,11.775957556139982,11.84918867515425,-6.642669260498922,4.422518645646149,14.437961813201287,14.870722527987493,-2.1290921988217613,13.075957519811663,3.7885462047208085,-6.530498408481996,11.728232002405033,5.573146646959488,16.387099721540988,0.20152767498126556,6.641825197366237,0.3934217410309616,4.457005217635573,0.3752600753460946,18.38457230321221,-9.072282420474316,-2.785010472700173,8.10780064115996,0.5452053574985589,1.1248949303075857,16.132585730109383,-0.22950863112773323,2.4451840963939864,5.250771144049711,0.02268104510151636,17.431572267051592,-5.377074657358078,-8.720569072457659,0.11390725389653678,1.620686650385418,1.4134365068275743,7.177693852934029,-0.3550548895627294,0.11990338574379811,-1.2369174967712953
6.353577462492006,-0.7900704427762575,4.9522723289123665,11.86739108197651,6.13412624658655,-14.111932354256991,6.1518898639121655,-2.0334590258535847,-4.036002499317839,24.169450365192606,-3.058455084384607,2.0438221379724797,-0.7373396389402346,-6.803336380403531,-7.010387476022641,-5.057606839682466,9.445117465043904,13.33399777520294,6.605594414503423,-8.951099857732894,11.088931255872282,8.919644262807562,1.727800415370848,3.9776360194735423,-6.498570915101946,-0.4548312898728488,7.46547026258378,-1.6291527659145115,9.0457691231683,-5.18006623056301,3.7913019353475397,0.8752317042276478,4.361334261847267,1.8870855869096448,-13.934465773513848,14.571039233182594,14.233982903361522,15.679255846721661,10.207227577744188,0.987752792519988,5.709522930978239,5.541667166434933,-1.0620893344692868,2.2381009110314745,11.227168192052266,11.514905552905589,5.721668545290051,-5.826617430689177,4.403306605354209,10.928707109959117,3.426255893224498,2.2868364776174186,1.1115776823993802,11.552578824678331,-5.69655058680401,-0.3152481167497079,8.908290972717603,2.2890703682667386,8.347207231645378,7.2349367780192875,4.990630961307238,11.101128916750831,11.700379982062945,-6.947286725100843,2.725592842375051,17.39036611740047,13.303571647601848,0.20270405102614486,13.416117603942647,5.231981658526484,-7.685849380709141,8.19785525650856,5.723335690603088,16.08335461126635,4.725409574963034,6.525512432112219,0.8662974917413745,4.426511804039475,2.804322621340896,18.282705061338756,-6.848826068176747,-0.7996527580682198,10.88556261407185,-0.8782420450895625,0.012148920766348104,15.556643797064476,-1.0672927483907584,2.1272661171043104,3.9021596252733413,0.6124618370516581,16.888495304024364,-0.22819007553064852,-7.9889776095290195,-0.04461209542584377,1.6485320074257364,1.690391160028011,6.179859547255104,-2.6042111212616725,-2.891810998144633,0.6804485777281065
3.610293718085845,-0.27068799187435344,10.48167923732722,9.207721558325986,4.749348016968528,-16.437218631599208,10.729716320600799,-2.3602441000398846,-9.92094354720769,26.008171537813443,-5.545488025367019,-0.3345681252933516,0.3157470084304401,-8.205742473150067,-7.453598341245575,-1.3373228728935784,13.690062189571673,12.1279865620071,5.58814224530791,-9.824219896846422,10.047612340710831,9.593468065984434,0.15399273138084074,0.3768728812395116,-3.336101486397616,-4.934296567648638,4.129694639988617,-5.426272581944944,5.936751305420499,-3.8027750021099367,6.943260593620655,-1.828870976069474,0.5533098364836717,5.796218862079196,-13.954805640340807,10.289376488324002,12.361470430990831,15.198192919082242,12.196828461856459,2.926543200715163,5.756614493138224,5.991802282644478,-0.6953308836732566,2.8722280515420104,10.399521335814143,11.46232876943058,3.24708147808322,-6.0187160425286566,1.4733932812503352,7.984471779072198,0.5147877349621257,0.8512002736100468,-4.261228655112928,10.691434527715987,-4.964178193495439,-0.912577959564699,7.955972536458233,5.386216163365596,7.945819102722048,8.6734738929778,6.286478172830152,10.770327676100521,9.02693571330056,-6.4443592203802424,1.377703570839719,16.49679045185527,11.567840243252832,1.3909822380324064,11.027528644660325,3.6264643516831376,-8.50431545711579,3.4628822197200404,4.216432201202057,13.32072179791411,9.515062888569757,5.886154205960629,0.8369646019399757,4.519361354621959,5.926397321177222,16.50795799761393,-4.764509115785294,-0.26764970289092616,12.965858569487095,-3.1460410126952194,-1.6918897940564133,15.563558052318909,-0.9712095361097899,1.7182146010036803,0.4183186863918982,1.7919525359678807,14.907890520097526,3.5657694362499317,-6.259960640392462,-1.5448381724715508,2.4037570505294132,3.623301820453279,5.201266223055226,-5.7545975987068045,-4.463520954056948,0.7806949146705656
1.8009489781764316,0.17154608956892092,14.933281148995299,4.21742070660515,3.5629186755105473,-18.073833394865204,11.863903879026232,-1.2671443162168397,-12.50580719712779,24.055393869753217,-6.8682643765995675,-4.924445816141347,3.057843428307027,-7.269949201644766,-8.69543877004794,1.3155321327954925,13.507722570804395,7.933011594995243,3.2577220220996574,-9.717597433361597,8.256145302747672,9.865339667295192,0.24774838972941704,-0.391333829694926,-2.221689840730912,-7.605981232332544,2.342441151592724,-8.592493820504176,2.724015281215656,1.3972256694369682,8.213158658627378,-3.841087710988127,-1.6017120842703265,7.14735019554122,-12.631176156257101,6.612450451233279,7.510015553839404,15.563618301712344,15.511927472877504,2.9340449579227155,4.954832820948608,6.869841048500884,-0.6035712371177042,1.1476681746982984,8.158319403325482,9.407198725541232,2.0850255481883453,-5.319144835679859,-0.1886962560635076,2.483148132214088,-1.923103184493228,1.8007270717745774,-8.737030951596317,7.091180311552646,-5.286380336025475,-4.0640114774052805,4.837994315185021,8.466819416954667,6.46724090646381,9.520663174605899,7.494789983244928,10.641115925086567,4.509535630244926,-5.032754173355717,0.4269244812286239,13.518524927223616,9.137406063194698,0.9727624497975595,7.8140127164188495,-1.1470018110476845,-7.906096986062873,-1.6280591557005568,1.4339217918494211,9.55609437696678,11.447155101951964,4.685914385562908,1.197398891647758,4.61506573286778,8.142079092345709,12.495335138963846,-2.5406238394742404,-0.822289796479532,12.432637316742102,-5.417229904089316,-4.023540596922211,14.634971516933618,1.0606052705951536,1.858484730210186,-4.234846634114464,1.9705081614687114,12.58176226752228,4.082375534799055,-3.1166737270615834,-4.026720193089204,4.0002729007859745,5.156202784058166,4.595833651094577,-8.89366385069313,-3.120927884218322,-1.8580805803639344
0.8305171669176474,2.6948861726604356,17.447337861838466,-2.870932324754796,3.3109076668228363,-17.6136134503343,9.31539061112581,0.20521484594960393,-11.448893803248918,19.503749141415916,-6.46723739526232,-9.622381269675676,7.400477882787879,-5.0064407876025765,-9.574665154005832,2.6337901494696254,10.720705486156955,2.414499748451364,0.4503718776098118,-8.334505266390824,8.412242896533654,9.55724689859063,3.042817802644828,1.7035502939537195,-4.42850999735559,-8.659068195107686,2.363977120971648,-11.40746938665063,-1.2751922800966904,8.523217219687563,8.213281118552786,-5.24172023779872,-0.7266720260424147,5.911758923266429,-9.680325338839301,4.30749816892877,1.522861234037153,17.665378342713353,17.590688740991688,1.2371250813288592,4.239170090116099,6.0596010145812595,-0.11914872360850914,-2.9269196235460235,5.343444691174342,4.824611943583469,2.0177697166454767,-3.4247208115702836,-1.3931360719035122,-2.680545108500784,-3.4226387475144993,3.8706734218869605,-11.552625743710795,1.0564293766339716,-5.9284282657393135,-6.8163702952545755,-0.08057974542966662,10.113683152766521,4.7984683580009735,8.87159463608015,8.702597565611612,9.884385376507936,-0.8319958432343801,-3.0523101459324464,-0.779217471862721,10.818733410957497,5.859241334539743,0.06514952886357306,6.349394063523382,-7.261223907486157,-5.736633371279122,-6.210035086734148,-2.060451236831262,5.875143109823577,8.79039106523385,3.185675945683781,2.278655091794007,4.72302078135886,9.040583151381952,5.589826343346,-0.16706544559774328,-1.776014087456621,8.81329906204355,-6.634336123936186,-5.29927864761277,11.847829637645443,4.190962050319712,3.3507791620978526,-8.616773382798513,0.14079060929928455,10.209831593455654,1.3496140224448272,1.1575533980148607,-5.984993938479088,5.547526049057891,4.119229525188942,4.422313860334054,-10.89090768474177,0.981294395981287,-5.559390380059734
-0.6900907598065062,7.605950914946881,17.68149198191803,-10.880252879171678,4.209848440929856,-14.67544835143764,5.3381612736867154,1.3315353590225243,-8.53253285681292,13.258133783281979,-4.569607305964347,-11.298328101288313,11.747685428460489,-2.4916853011692828,-8.340052093582173,3.269316238112598,7.847055856100602,-2.050853826345869,-2.076244310887067,-5.859165934324277,10.913266598339934,8.556151245209168,7.451009354110517,4.478690471933428,-8.837308618771866,-7.799846208841464,3.549790115296643,-14.454508065278661,-5.605936665401737,13.949203127386491,7.578632191777766,-6.307888609843863,2.5260055792681784,3.667289491991436,-6.5709541152972255,3.275271333790702,-3.5388177235331106,19.820582172916588,16.56974680905676,-1.3595768915354662,4.056618532690224,2.4856399438905674,1.2505792717480242,-7.81481812452833,2.568986282352972,-0.8595622322248255,1.9400815468219939,-0.7043579509931908,-2.8717882456844936,-5.111282240007901,-3.15703071532252,5.317933810729116,-12.601762464821466,-5.8217262665194625,-5.568348270460984,-6.598482966644831,-4.1954719010977515,9.273042356389492,3.4541638419358556,6.343075965814416,9.88542702015452,7.342368950897306,-6.208774917790429,-1.088112507565,-2.6408380430280216,8.959941738658458,2.541455649175853,0.6247458883244454,7.375661746260642,-12.639400117874729,-2.595082558530619,-9.736676365877583,-5.508688483276672,3.049710704704578,2.8073738488326367,1.9643369271437772,3.495618231374245,5.027074910545657,9.263515885626253,-3.7243912484044372,1.9083422815232693,-2.5698079969284358,3.319358784765952,-5.951896040632397,-3.338165157183244,8.00043603912229,6.449020172298535,6.643598185062379,-11.508563137025059,-2.907994622756788,7.403461544019074,-2.299244833541908,5.414198785180252,-6.072986531839625,5.970670968041983,0.06555965263675045,4.448940879915718,-10.736859926627217,6.024687663561798,-7.60042669775606
-3.526838002872646,13.092651608713515,15.470049396988943,-17.30841621128918,6.222046998891825,-10.282702802879559,2.5784689556256333,2.3554061025416697,-5.738165336452753,6.3023773007976684,-1.680555904360515,-8.352941456725418,13.161110196429892,-0.9741732852620624,-4.001993840243272,4.037404104895351,5.900691441768858,-4.011935460780883,-4.093505510252594,-3.1821930171585677,13.45589697343197,6.66570349105811,10.93764297062401,5.796840594617986,-12.735320318008004,-4.557353075610811,5.031102143654872,-17.37238579085534,-9.005813253160085,14.668733380294615,6.608732240712375,-7.33292330395361,6.359454188074234,2.381962126823306,-4.759218687889348,2.3963976433764023,-6.303639814374568,19.76808575696851,12.932794353520482,-3.6098793539244634,4.493497858685775,-2.6892692461650833,3.511422667650054,-11.651268827394953,0.1575905995016893,-5.612974641717645,1.1358622463294221,2.1931598063481346,-4.258120428992577,-4.564324042558207,-0.7563077627562368,4.818405392980675,-12.238520813430561,-10.931739781211268,-3.6518404438463605,-3.361520132478807,-5.027238650546716,6.235257012649004,1.8324205116604595,2.651740934793704,10.963320757474644,2.786984076636689,-10.980811229416624,0.4223734461140003,-4.839986492070821,6.3424599970883095,0.5908285091444592,4.002017487892031,9.24924949781311,-15.97253075834483,0.35562908448554165,-11.90484850282538,-7.823381907385121,1.1446332662137624,-2.8314371559347347,1.5512539917705335,3.6386277283479824,5.371348945384775,9.553054834898026,-13.285372767720805,2.852898434625414,-3.1408967290981824,-1.9688008768852256,-3.687407635776272,1.8967267426224304,4.917230649386268,6.615953592380242,11.228933220336437,-12.517835442613164,-4.952132380711606,4.334406878334552,-3.991339499265893,8.098956804965983,-4.467707679626519,4.734430187360651,-5.138762758334148,4.542761180379259,-8.452713766899056,9.70124569379323,-6.8058850572310226
-6.6828762753799165,16.91319697227035,10.512927708061769,-19.18378422038775,8.956181756324154,-6.2649655526395875,1.8687824569318785,3.955508233755115,-3.492584492012142,-0.07669108344395159,0.9410601649692845,-2.259568262867723,9.592786821345147,-1.108295059807276,2.178254892307237,5.2606936912367654,4.025178993563963,-3.6642091179079035,-5.420937444105142,-1.4655461513359507,13.707937303729828,3.94861176274339,11.223403727577622,5.406748376355253,-13.811240203068191,0.41074790411142126,6.4379712980745785,-18.361795430911677,-10.276883669479078,10.6925687103879,5.293675419064927,-8.232429839023538,9.302990246011369,2.699444387112596,-4.163716921630419,0.29118982362661594,-6.129144236777778,16.859809530856005,8.927450189358588,-4.324183057568588,5.705084583451062,-6.6981357531257215,5.752784625597422,-12.766506084760767,-1.1330103933340152,-7.896741230558928,-0.05354365414615758,4.481593288887438,-4.829150969429458,-2.809044292344864,2.5082958141280534,2.4938542447857164,-11.37564961163273,-12.19752389430193,-1.1392272323459738,0.5424994440477078,-2.9704486816289712,2.6602485321417717,-1.1839061686837495,-0.8228336021827345,11.916103681823166,-2.218133996235302,-14.480571088279126,1.6436180010878854,-6.521318678643195,1.8177914055760813,0.7945181293824923,9.478739402151554,9.502364123136644,-16.634063492132412,1.971508307930005,-12.461205355442555,-8.26416183047673,-0.4221270613441477,-4.887736917988018,2.106461798656747,2.030168680494424,5.273505229719374,10.073564056891788,-20.348490476641054,2.167099890028188,-3.6301853983689187,-5.340195846980682,-1.7754847780826526,7.694627992917368,4.176907201434621,4.953723080749989,15.198169470333028,-11.9335790434053,-4.36094961998259,1.9190821272668326,-2.7178480691565947,8.176776320559132,-2.6124977572546495,2.1761649378626875,-8.559555901267057,4.685808725986456,-5.319274485336268,10.797349900495181,-4.41700460148601
-8.283928865044786,18.141491717746064,2.982106722754743,-15.280692461925353,11.290786128379946,-4.09370343373026,2.0757408304966547,6.563527204910896,-0.852013366261646,-4.650387655047114,1.8593274827471398,3.728080576398029,2.280904587032921,-2.652839519256145,7.18210791933801,6.674347582203906,1.170688067558613,-2.431937767605093,-6.132054666933485,-1.0069864780107505,11.584530415675133,1.2734520782703862,7.435295427269688,4.74213096553727,-11.531557559277367,5.114530893382804,7.585195364094129,-15.635983506331442,-9.029808392944101,5.029504270160845,3.6643248168840756,-7.993489179420741,10.903808733506665,3.1375937038684754,-3.602268474568369,-3.290303953365701,-3.188978914780334,12.4333386968782,6.398738631410787,-3.145885156697812,7.5345127368922205,-7.26296179491413,6.738599026451465,-10.376136544030082,-0.5955628442857184,-7.067857999487479,-0.6882070467012595,5.4245746282434135,-4.619634922387959,-1.7701927593623017,4.373969474709643,0.13802609756179374,-11.190530249147642,-9.792969705250671,0.2468052603451505,2.446080645811005,-0.8525518769106801,0.18196857190197108,-5.509429155621264,-3.1740403780077657,12.618620944493962,-5.559637943770861,-16.11710127470618,3.250034783649915,-7.092504012538789,-3.2799061986434,2.350030417564323,14.619227539834897,6.721835483308086,-14.957741205029608,1.8437193884597587,-10.904621573029562,-6.942662574991682,-1.9285962474512015,-3.1302152102223673,3.396291502841496,-0.5440857633341771,4.4877307457160285,10.298093747334269,-23.249746207542646,0.42506275061660903,-3.841388484112189,-6.27210596714154,-2.4058466959441898,10.639882335232338,5.820374266588335,2.2758279199424005,16.041148443465712,-10.213588311796919,-1.7722842128113885,0.914173160289165,0.33362426926900035,5.934638302492699,-1.6551040067897547,-0.4815023203172827,-8.582131219448685,4.814856432999693,-2.755710225329138,10.084404787127138,-2.4887507012361314
-7.492470132744013,17.266319092259018,-5.581551870717657,-7.424826680876186,11.697397261069973,-3.8398254467881796,1.5678625764339145,9.768697892481331,2.8557563569962854,-6.678127142184849,0.8598818676149012,7.075923449283365,-4.7909065737179315,-5.3214395196030795,8.979426412824807,7.582115306065631,-2.506854413023139,-1.8826849833243764,-6.957516145750577,-1.0729076430094686,8.671609173232632,-0.008510232827844355,0.3592374377619443,5.216180281375876,-7.042318310936985,7.522049833193191,7.935656349022832,-9.613520755505238,-5.938574694451481,1.269447704268289,1.9102737169471449,-5.243024030459137,11.588798070291503,1.7511646525688436,-2.009245202207226,-6.918728577288654,0.9776837024663609,8.55174762733813,5.51010703339516,-0.646062094818223,9.285059863688394,-4.1538968476944955,6.345057119446057,-5.398020484675131,1.340768965819883,-3.9501223483338057,0.07685584316853422,5.1217393217939415,-4.178442675390656,-2.1108814839120225,3.4086171641656238,-0.22138546130535341,-12.0637113660862,-6.201801066645396,-0.39514447505838346,1.5801225135763337,-1.2882333756198356,-0.8250836115613911,-9.134779002965931,-4.362114106780846,12.725039098315698,-6.4667315133606404,-15.6363948386309,5.291240105070892,-6.718471629296058,-6.409543372372387,3.2620394041995175,17.25461881682574,1.5630410097739569,-12.652309425296082,0.4072437258618091,-7.044259685869741,-4.595272063430695,-3.079063571762551,-0.45299811554771585,4.992208995364255,-2.4543538122669797,2.9305763626540635,9.421237698083322,-22.120686813044383,-1.1553319673196694,-3.2637201772195636,-5.6232880315765374,-6.029079367464886,9.16559410598602,7.651852066958959,-0.9325844307857717,12.932944411701772,-8.041419948222758,0.4412277235949127,1.4582083650058184,3.4194490026037787,2.8103771489515506,-1.3687776434060521,-1.9315164220510221,-6.0876953237277345,4.76084825924961,-1.1215140685386924,9.443949144472805,-1.8162882641356173
-5.485764817157143,15.243886040535063,-12.408311244418917,0.803500559193679,9.311809769161863,-3.993969091542187,-0.22217087352310005,12.165033724677626,6.843487899988606,-6.195158420879871,-1.0438174499975563,7.438971156751692,-8.300921208419982,-8.621891884569045,8.187307821991684,7.506968692100149,-5.970329883746088,-2.468289441849914,-8.302521617627633,-0.9283008977395211,6.495100303029986,0.8093704537621231,-7.696791441940215,6.643424312363793,-2.070872086392401,6.8765781414897305,6.861321746596303,-3.47522069498714,-2.46464925927625,0.8571557507425398,0.42456583219699684,-0.14109399728872157,11.564908404176345,-1.1789420486635387,1.1265579680890285,-9.096701971574905,3.826751680483687,6.303430715776026,5.409723950155329,1.983937440491422,9.83587048892631,0.41285958564591496,5.612582855718517,-0.1312938113542006,3.5681608626570056,-0.5552449352540858,2.1486279877321293,4.529664848658041,-3.600191185959231,-3.379811453269095,-0.07653462349542273,1.7462576338610685,-13.029512798440829,-4.639690877298512,-2.453742996254056,-0.47571478329834194,-4.696716242345956,-1.0461535282944072,-9.440871073775721,-4.789525563779809,11.81191906661784,-5.984026243264682,-13.414521390019802,6.746991743546975,-5.860562092937557,-6.332374031846966,2.0712293635827175,16.5966453898103,-3.6078468521782376,-11.55979996998462,-1.107219495696247,-2.1740384077674055,-2.2254462989986084,-3.739216970641798,-0.5013528949171531,6.334704905306668,-2.728511567875329,0.6506466745505763,6.948720425142824,-18.705445173126357,-1.7617163979477826,-1.6125437032946839,-4.8135923711125,-10.754755199760353,4.508299160514028,6.655539243712539,-4.340358437475871,7.569823046527153,-6.199500799821861,0.2732367496027859,3.1530377249696673,5.759424121616979,0.1751533673666875,-0.626568517401624,-1.9284174771888551,-3.239863605840819,4.034919834634077,0.21251924931520128,9.974202916864702,-1.6227171475106257
-4.427528294723248,12.72735242007531,-15.03320718987453,6.204591308014646,4.547275516285499,-2.903621778699509,-2.4324272974441223,12.149732170438618,9.055550161283676,-3.8889898049850595,-2.479179771614387,6.346255837686631,-8.330585370545133,-11.01541328876291,6.540282092727658,6.678687464170757,-8.242433898812253,-3.396956814426987,-9.582195575484777,-0.5036171458677119,5.392907575949335,3.1283605463146484,-14.004437913750618,7.224275291044917,2.153298324369599,3.9643792180784097,4.114991622934621,-0.8902661886895542,-0.3118587935826381,2.3790329435856914,-0.24047910865405941,4.579448428597511,10.382800511496418,-3.1254730442544356,5.315370774080899,-10.109823590212244,3.227702502594188,4.965898055545926,5.113871004353619,3.4057531914285804,8.372539376301434,2.82303490458782,5.582381635842782,3.109132166675517,5.363631298614257,1.2670870247887844,4.092596415759404,4.387608802751392,-2.733019383818954,-4.81068639475663,-4.461011173793166,4.424217264422034,-12.580815018848355,-6.948605332832378,-4.4469894577283355,-1.5205706571141147,-9.076338477902251,-1.1830748930395028,-5.520504909658884,-4.973186617044024,9.776981278304262,-5.938518879632079,-10.512144087294576,6.824936440265742,-4.871386702921493,-3.9242860428044244,-0.9646762698818225,13.376400515911659,-6.514629339020303,-11.828273498552715,-1.0559292531669715,1.2274028391738057,-0.7503191726327815,-4.504853565024108,-4.672765941819796,6.584246494236334,-1.9682653669038963,-1.7163626496072526,3.075136734530054,-15.491587075926818,-1.3321886392636177,0.868604296417606,-4.647180812401376,-13.729036309899415,-0.5325971545678689,1.952916271521846,-7.3152193471722455,2.3843596133994667,-4.615086804347413,-2.2311504059837985,5.244750947880707,8.032714247855788,-1.3970986732563657,1.1821323658876934,-1.5598610295395245,-1.5897095688395066,2.096518585417759,1.684029350103935,11.028022485206021,-0.8858301253685009
-5.460278035133332,9.708895892275297,-12.938844405059907,7.400181509303092,-1.0277512434125846,-0.5748843974787023,-4.048763738629802,9.400474375899236,7.620940711917534,-0.7937915913362467,-2.159979225669633,5.358555334155772,-7.521089353754629,-10.86952628682878,4.995928662141852,5.528510354041794,-8.950841223040392,-3.6426718103584665,-10.113233362127275,-0.234052093908943,4.565661998290188,5.441596664278517,-16.86916183070189,5.177722156605029,5.063434461980706,0.553039924164019,0.13726596244179756,-2.857547932864894,-0.5803938629970189,3.27837104315824,-0.07570665564029389,5.518036202920839,7.893528839982068,-2.1607288099965847,8.615903305087205,-11.499302988884542,-1.4076423460451588,2.962326735445515,3.7369936993285213,3.154364969360631,5.556237374359003,0.7372351441025624,6.385593187479793,3.4029148635633035,6.6748220507074185,0.6523864694540769,4.09529079875328,4.827369139011966,-2.016035529673843,-5.716091775386776,-7.865636760551528,5.800872264310495,-9.897247489872148,-12.252537227159156,-4.92461664423147,-0.6610168563114354,-11.547566047061625,-1.3723478894462995,0.6892573777433684,-5.344497487977584,7.012235929585241,-7.474880998093067,-8.108724420525295,5.745302462872939,-4.155267939917373,-1.0228552309718562,-4.37479762162687,9.048333553111606,-6.689775820435815,-12.093946953112027,1.4805172451507889,1.400219497723049,-0.4191241137363084,-6.461218616624979,-10.96216730435183,4.781501879257452,-1.938094945516907,-3.1769594295431527,-1.2022717221605053,-13.921294547265262,-0.45175512775603205,3.7178710685122045,-5.107120695457197,-13.314174452398433,-3.674811918138314,-4.2458405796494425,-8.872786458258856,-0.9801143952634794,-2.1848642981943693,-5.171978168822249,6.888349236628563,11.35866653507162,-1.7588482107370957,3.3552660764269016,-2.2517904034609186,-1.323901023895928,-1.0669200699370602,2.7055784469194433,10.585649210074429,0.5275978823472638
-7.802999732689939,5.830477056009588,-7.77940334395441,5.336695159082222,-5.478171791110287,1.5993052483375285,-5.052820635398653,5.452783238457086,2.4228402225943615,2.044597139079083,0.4795528997271181,4.643674700767619,-8.13824570773189,-8.174224780785604,3.6051704842988217,4.014985511913729,-8.48874797548272,-2.805587236644171,-9.53126822123778,-0.45947404029325334,2.8887016322985293,6.367772927223719,-15.919168074044238,0.40833774875399076,6.160541993485498,-1.5049153290300334,-3.586167492942508,-6.785118173709552,-2.885116220004932,2.2904719973020216,-0.1605089064220755,1.7109581947709127,4.842403254757054,0.9178858670056227,8.751970415801233,-14.00088583727796,-8.769208350602348,-0.32995991814297376,0.6881312695712358,2.0383991006786935,2.8564129872349233,-5.001429993198256,7.199550267832702,1.7693499213402641,7.772671390874572,-2.2179723420235247,1.5598977213646008,5.888708042866163,-2.1103226521921417,-5.639034306432254,-9.170076350156425,5.157318329361099,-5.59885980365376,-17.555756524945295,-3.353266277123161,1.1500376710932958,-10.620087769414436,-1.386205713868444,5.965544646569187,-6.150068356076949,3.9639048305973397,-10.537017244381982,-6.529357822659091,4.181059251607172,-4.070967763578663,1.1219171405138528,-6.721097843323719,4.544872585121394,-5.382674887447865,-11.221120872024262,5.64583770220252,-1.4732838814725642,-0.47279894285625157,-10.050094837269153,-15.551349330586019,0.7662227593235156,-4.192358486119826,-3.3079065362971862,-4.530166882230698,-13.285978236666796,0.10332944400391497,6.442227682200244,-5.789197886664854,-10.313463801174343,-4.009040617124081,-8.927408404045064,-8.066452083071956,-1.8894163824403805,1.9294278255963757,-6.5978543995017205,7.463055090678613,15.586563811743673,-0.9897092959295505,4.5165758375211595,-4.301612527657024,-1.764346620044521,-5.036135041384043,2.636950511252197,6.661986401157117,2.0328451764030597
-9.698146837212157,1.2312431208714254,-1.9259449795442183,2.4043194169793023,-7.8465705173017035,2.6042384577930013,-5.731239820872867,2.494825357391461,-4.51441582162957,3.9598038150126578,4.683032824990632,3.345491824403923,-10.297547430710436,-4.475229941230386,2.141884734837869,1.7693606411364382,-7.654637303910756,-1.5346140645153694,-7.441239633756921,-0.9547220586459577,0.0098787856273721,5.731719123501549,-11.868964650212327,-5.237879768441217,4.920068375776555,-1.3037847730774637,-5.271960127160812,-8.814118190343818,-5.743945385918419,0.5497793086762597,-2.006368504457753,-4.5721566612405935,2.3514346227931595,3.406220623364028,5.448520283539885,-16.715135739085255,-16.432660227940897,-3.8599912114456263,-3.903451071515123,1.0270563655849672,0.7355399192538079,-11.111100656191322,7.09558244940549,0.5609630392767715,8.688998932959631,-6.061489249439022,-2.235847926855837,7.42593628315654,-2.8940209506916448,-4.596314510744673,-8.262031790702899,3.556164398688763,-1.4276896069169207,-19.89449303951772,-0.6506042633562779,2.2715629124942778,-7.204272024072305,-1.093406919079883,8.250162933454295,-7.122637427798595,0.7698960904246932,-14.145044613651072,-4.799320771993331,2.7554260157361536,-4.623919614159281,2.456486671183388,-7.596363810075969,0.07163895007675736,-4.37015821799133,-9.249702307087613,9.286797462012101,-5.681784497144195,0.1716604189348282,-14.158905765573614,-15.632981340137547,-4.029357177386478,-8.76234937162215,-2.6560097115556576,-6.209250418973228,-11.783904024952639,0.09362469414295932,8.462953102479538,-6.114918437560307,-7.1738258405222535,-1.955980724442969,-10.624130864230864,-4.663996559619585,-0.7313925449805472,7.1856467143534,-6.089667856735595,6.851011161125088,19.014111476484103,0.21973640336581862,3.950450106075402,-6.535668993950557,-2.127197718057407,-9.214389666041912,1.8958005668820368,-0.6064842839199769,3.116366429724415
-9.776670402099455,-3.1238652812261343,3.2668678175627006,0.5842469221054389,-8.792739586260193,2.6629888613163155,-5.806342475859832,1.4957210400034773,-9.975734572304885,4.813290490647846,8.645232552468794,0.6799541553968138,-12.467342840273469,-1.775132200515182,0.4666297894905692,-1.2164158427839475,-6.973983658501004,-1.4540369671420978,-3.8330096794788835,-1.0259028739947729,-3.1609707917812937,4.462177629961615,-6.344447249024119,-9.216672262624375,1.7481833792097694,0.4594063923459222,-4.660409997294387,-6.794927610968336,-8.02075884952869,0.5088897740109148,-5.860103999307018,-9.4146046314906,1.1495740836490005,3.5811057606350385,1.1732876579742562,-18.18802368660826,-22.724762841697036,-5.994060336634115,-8.844192812823497,0.24059120242904286,-1.4332773658398539,-14.240068562012791,5.67743518196626,1.6223336580835421,9.122225879891012,-8.73129375177042,-5.251609219200669,8.777619178298675,-3.330323841902478,-3.1724210132485773,-5.624829863788075,2.7575943306841455,1.089255813236552,-18.053916440115756,1.7055098633143384,2.171333114230399,-3.830831311894293,-0.8450251526075241,7.635170209702708,-7.064735802219868,-2.3163643733222328,-16.871817557365063,-1.4624583064564605,1.8736864321522613,-5.492773985652459,3.727824867445231,-7.841467302504288,-4.193043355829591,-4.918379833125125,-7.152069681519445,10.853406933721391,-9.16584686278783,1.4994759921060297,-16.866512008271055,-11.480740154600085,-7.470099952146699,-13.870074458078797,-2.4344971844419616,-6.624724422466172,-8.25646438614924,0.014101593868405593,9.452292590563115,-5.721921608719994,-5.921879265443129,0.8942701871415419,-9.579205831726274,0.2938870406028835,1.255555164186845,12.043913981520818,-4.736674508700583,5.403749588286062,19.475303739960662,0.8411862140557393,2.010275262774268,-7.540514484953615,-1.80904879927557,-12.549667353380306,1.348851708476254,-8.291792615221068,3.6452452074100825
-7.53217772220128,-5.911546659805755,7.582261671609347,0.5514515388505639,-9.595945917322986,2.529882685771189,-5.06932167422799,1.7577662418631712,-11.08460676777346,4.849349527103829,10.331261440986099,-3.6215171405879087,-12.984778490596725,-1.4943001369637043,-1.3018580223746548,-4.243414302114207,-6.357528219482159,-4.021240688573682,0.37937108583757606,0.1875446179034599,-5.185736025851829,3.598947241875187,-1.079515069049044,-10.03777731194544,-1.580574220577633,1.9900340641291474,-3.0719283392996015,-1.1225547066384083,-9.443269644650528,3.501310182347855,-9.66219465967633,-9.762117272153688,1.039039861325299,2.7411961371995797,-0.7136773592838273,-17.51060129251173,-27.7725188523426,-6.329273996936972,-12.296750371429107,-0.9710374083700359,-4.1200781552391375,-13.412847522924176,2.947340794227472,4.395500176538183,8.59058459287536,-8.386877974681074,-6.52723249180767,9.129683138200683,-2.305855416066279,-2.049687423540599,-2.210763957223477,3.2321667207339955,1.8383041749592883,-12.98886448792353,3.465922520730304,1.8796011495629243,-2.9349404258365936,-1.0068833457681297,5.7821646521738845,-4.722867167910808,-4.610150556541452,-17.71988715765705,3.6456830338255015,1.6504385044407455,-6.116097872798038,5.6403124268014855,-8.930403518231167,-7.541288713544139,-6.761393856096782,-6.127015039547254,10.570087938962455,-10.566742559360723,2.078138253318748,-17.008066487998853,-6.269225394858896,-8.291852444929109,-16.804165578799516,-3.6155274786141733,-6.5932965507294625,-2.8667927671551166,0.6025371735185885,9.56859887279625,-5.018366869670629,-6.611454171140155,2.7447464225251705,-6.646915130468686,4.740911034829529,2.7199495671288965,15.084588962890127,-3.755000290784912,3.5757825645707264,15.865245029363173,0.4706902155081268,-0.6245081675710934,-6.597616822780227,-0.5220225838467084,-13.900524476442897,1.2813266351034263,-12.766595733751377,3.4902133322124045
-3.2700284766364978,-6.052872538765525,10.892844758488101,2.0792172798202206,-10.644835018556309,2.65961031745375,-3.886660618443034,1.8607301358040036,-6.954357184999378,4.389743206398634,8.602838004970131,-9.051868461942735,-11.200219172738269,-3.5884902484592143,-2.839477040870299,-6.355037909658195,-5.379914776672309,-8.955964095732773,3.8820454803198743,3.2015394570254694,-5.117529948418081,3.604420215651891,2.827402060444438,-8.054688355758334,-3.0207007683135574,1.9055520315061933,-1.579724214813591,6.136195322055832,-10.225039249739227,8.233044686886252,-10.518726607392319,-5.509081592901927,0.7396744516624758,3.844685199432965,1.7513070181535273,-14.260410947108412,-32.61422660820409,-6.014925561966945,-12.947826324295413,-3.1902112322961385,-6.908336611470979,-10.376406007952585,-0.6171068494995762,6.485890812804996,6.666581350345417,-5.18473972630085,-6.589647088888524,8.07035001066723,0.4389260766111105,-1.2339184839473274,0.530979057617488,3.547863776623095,1.9636817779433766,-7.096512373670617,5.7930020448559345,2.7415998363421714,-5.175833837266377,-1.2433652952107856,4.52935740033743,-0.3569073737407995,-5.417565596562104,-16.68235781502694,8.687016366995453,1.755696480659677,-5.940030576461078,8.340130830654743,-11.682655935813793,-9.039369841828742,-8.112347174297225,-6.5971244655805465,9.67641559106327,-9.462325765138507,0.5992590498775902,-14.676863221938945,-3.4987879293257937,-6.664832131066926,-15.344905970407751,-5.815047396056632,-6.439978943599688,3.1397258504481522,2.079069302206687,9.093370767866311,-4.701842644608092,-7.2595391097683635,2.982312291443866,-2.8399626794814434,6.957590236165158,3.029144778311861,15.670330150748676,-3.1826529328437423,1.7729995927286422,9.410395360734222,-0.4559728909694969,-3.295784920827622,-3.5409563551815832,1.5042674067693396,-13.260364898272918,1.4775793744125485,-12.654097242222466,2.5111097831928753
1.9356455667798045,-3.2457988425235773,13.021180864971647,4.335898170724026,-11.097806941784887,3.349528589819923,-2.715423410489308,0.8349567732671612,0.5448561317555556,3.7112609113066597,4.194431835922813,-13.782742180938584,-7.7388276346374045,-6.649029395445151,-3.8751219581397844,-7.013838428598111,-3.4426441622725816,-14.14181580295027,6.013967052527001,7.645490182224215,-2.9255683680286237,4.134898083973402,4.8207794281913126,-4.755836201845722,-1.3419216418639803,0.48190644152879886,-0.349927785898863,12.4227390488216,-10.634388320511576,12.053345044570085,-7.421654301653508,0.7037618636410587,-1.2434481884295803,8.30871052656547,8.103449751893747,-8.674475498415331,-37.56384640108442,-6.1323490448666975,-10.817907564470527,-5.901940820735818,-8.641872877102532,-7.446053463496598,-3.8956019965208277,6.224093484215842,3.734471436129076,-1.5127468010770082,-6.364029828062671,5.777210441975694,4.080074198108717,-0.18425207453587822,1.345496724387598,2.088770505558519,2.378254633894529,-2.6391739392887636,9.330744859858966,5.025403568893145,-8.774008740691807,-1.206434403287997,4.5095632407058215,4.144992262498648,-4.466369500296615,-14.388298690224756,11.470344877912254,1.578743699971382,-4.779496962701376,11.419180213905669,-15.417760348207683,-8.319961267804846,-7.878590340435292,-7.490058715598914,9.261885210820735,-6.350757423334191,-2.470791529353515,-10.564588737445474,-4.167851275916998,-3.9408991427660807,-9.193516118947407,-7.3771492247861685,-5.66109237494603,8.319997992081758,3.8066912131005535,8.182857312459486,-4.640238498996637,-5.449669066081572,2.672024580188913,0.4859577566986588,6.962384679587028,2.521578315766681,14.065468901570792,-2.0379396604390534,0.4315112927188238,3.1232491149733157,-1.0559810995544905,-5.288936255993699,1.038285376912417,3.6678661693733545,-11.90912378192502,1.6529004332017,-9.63672596789689,1.1580854924159234
6.567607142307875,1.560365782315968,14.325745476520183,6.381504811387083,-9.840183985246961,4.607441507616869,-1.8681329816088486,-1.1427852153089213,7.947169385193208,3.060756474269123,-0.71323821839522,-15.123340559244951,-3.798704268579464,-9.034915631533902,-4.335534451333322,-6.370386529575945,-0.21077578117288143,-17.19034383702624,7.196702697004966,12.278956655658163,0.28436686596020566,4.359754848175312,4.881213724759055,-1.6542142439658853,3.499180499543173,-0.6352215618009472,0.4438877397575549,15.844410650348513,-10.741678542513505,13.245876855602308,-2.151522662901112,5.496287501233994,-4.968389570440099,14.782324469180024,15.544723058252117,-2.4924925977999055,-41.613233524056845,-6.614684821375272,-7.028231102733243,-7.477787632262464,-8.492600188644952,-5.643265867623189,-5.442354995267656,4.207428298416118,0.8876732173339201,0.1174284002155225,-6.275224713040043,2.8949960054955826,7.233320982537799,1.3450550635590757,0.19853332934344992,-1.3630616560272966,2.8047768711225824,-0.5531305282648109,12.89977728377896,7.744688671952693,-10.762525415137738,-1.2417014534558792,4.671945943089335,6.5133346982916915,-2.0290771134454895,-11.271764930149818,11.361343322445533,1.014140642457581,-2.6272633800343512,14.066870585826285,-18.42141723253871,-5.990737168819079,-7.3523796954145935,-6.702461830566079,9.753790383444324,-2.626891272558897,-5.0872461981644745,-5.5999801281115325,-6.106746749786475,-1.9205170762192856,-0.4672754477198233,-6.814997599246672,-3.669304456893183,12.056064023890261,4.842322748775712,7.003706963146319,-3.9546458351512257,-0.5693697921968286,3.6072460093665155,2.204490200787657,6.131039721711217,1.828205077610836,11.22551728190789,0.41247557555885583,-0.19387416413299885,-0.5843787110309071,-0.591560220385219,-6.312603065837431,5.421564137141977,5.359105276189432,-11.377500833422525,1.7485994598499568,-6.399733599061767,0.35399547869914894
9.319223536997246,6.286196653879083,15.356218136467572,8.009074936222767,-6.670718860924392,5.6901583508199325,-1.4404208681739161,-2.9433125103094335,12.765135773416107,2.5121058465518287,-4.335268606476982,-11.484669937473807,-0.33537161470846266,-9.798383316493013,-4.241336563390941,-5.079813921157307,3.527263829478364,-16.961015829879436,8.418053337399899,15.654232170249589,2.8186083507619872,3.7952160979886878,3.53236002441371,0.37502932809505185,10.145936901851389,-0.2298836768106518,0.23223545305231386,16.001443942170038,-10.637972957735528,11.671670782109342,2.377894752825568,6.514299352127313,-8.638191465314913,20.408477417057956,20.21342206189834,1.7109333389482537,-43.376458891585514,-6.774647852954382,-2.991638318740794,-6.5847796821674365,-6.909197501859957,-4.463087659042635,-4.264423922769226,2.590691760929016,-1.2067790546677108,-0.6546851156595666,-6.1481742703191475,0.19389753732652792,8.720722327355439,3.022496002024627,-1.7724459167817295,-5.639889813474078,2.5034910248593416,-0.349099210852037,14.619909433289012,9.464517116235927,-9.680719580962371,-1.5219857318758967,3.4183747791464483,5.650243501494122,1.1016508822461248,-6.969560903415465,9.110705524132946,0.47698013395411276,0.3813301406002796,15.268259136842154,-19.01298862016424,-3.1167735694223677,-8.595254700372823,-3.0070763427285683,10.702141712058234,0.020334675096535637,-5.446428606672821,-0.9258083214228825,-6.189675182121637,-1.5327508418202305,7.728942573922772,-4.283068541136154,-0.7342260881630506,14.420652696170807,4.947270207493828,5.506533056078547,-2.0152276933030566,5.378685302175288,6.745986881416988,2.1600137284024914,5.551990371967506,1.2907365930226407,8.329303621262975,3.8428681946224934,-0.3544426634688831,-1.2854449129671286,0.8407780680786964,-6.578877105219985,7.5933078334350625,6.276616431167526,-12.817676437491663,2.2532761058380517,-4.536846209021254,0.33615998346495596
9.7739805923692,8.94556689250818,15.863657830800296,9.738937061767615,-2.6053568786973473,5.7381583876257265,-1.1317158609117663,-3.4354344135848764,15.035606675418268,1.708738853309222,-6.500973752164918,-4.071018613220211,2.297235420982002,-8.532358916683208,-3.2896508540385425,-3.771458392801021,6.0850365445586885,-13.92365241522185,10.056020358912445,17.0792201806239,3.89831971226572,2.755854341663211,1.4272653566159093,1.1927006745378461,16.29631754800108,1.236189255567091,-1.2847886896387606,14.36766812317806,-10.23445016498529,7.850003422851701,4.731900304992217,3.7205777870124086,-10.140923672695061,22.61413361811246,19.49527258377068,2.6674173844904514,-42.56029025896564,-6.247460161812839,0.18248716685282362,-3.4618600722753916,-5.2111921500649405,-2.809590567855718,-0.7880420918180651,2.851669164987903,-2.457955387412997,-1.8960953648106667,-5.337477445073942,-1.8589884617186572,8.060565680176497,4.467178021207211,-3.291317155621394,-9.069996228776887,1.488528302550439,-0.532966885521081,13.630631743580288,9.332844394432787,-6.870672574979729,-1.251945934225994,0.3600275730745951,2.6976662580191917,3.7627504407560854,-0.9219555380335143,5.625659460083952,0.10234573001542263,3.5230810823581447,14.3626605085909,-16.613806405658643,-0.4818935385345129,-11.790346278834345,2.679267232330771,10.943508044749061,0.5373431735666037,-3.407491051236492,2.4487575465892553,-3.546599649753853,-2.1992838945736315,13.496709923300948,-1.6458961256039661,1.920254060296664,15.429526064332917,4.71674773970571,3.1197307606795066,0.8321976139013452,9.330939613889852,11.444673419294354,0.8986383211043547,5.362986896203674,1.0974534443719806,6.509030737630682,7.266880744455534,-0.4740310563424188,-0.029339620206466854,2.5436855317825655,-6.351080240364215,6.8064034713952495,6.306688869119265,-16.19572198909186,3.9231916722775964,-4.405853443251068,0.40171130621099327
8.645982844385776,8.912304951486158,14.752534476615855,11.873619848607566,0.9545994621079796,4.654070316233939,-0.6272208664479887,-2.649428006742094,16.168700861528713,-0.11891576096999446,-7.821538023727307,3.8888142395513468,4.155249709933253,-5.076870416687519,-0.9612876619049225,-2.384476730182314,6.343673212490924,-9.5694394422497,11.57480850709828,17.085902678189562,4.089668699216087,2.0713245122650785,-0.798131253188856,1.0515905972513788,19.9297571467323,2.3080939789807164,-3.6109184721488807,13.362206709413032,-8.797091784259038,2.2796618341713537,5.9514804520887905,-0.556890688509343,-8.644916387737076,20.314784122552876,13.608024589667224,1.2729590726883457,-40.55970988183621,-5.434817504971812,1.9812089192590843,0.3284332409790873,-4.281188510899375,-0.414688825318811,3.1756244768110626,4.143175582849786,-2.9568214737356295,-1.3584342912149032,-3.014815828258656,-3.219065924894463,5.681223933806736,5.42968863608206,-3.7631109314493614,-10.605880097204205,0.6454741888276412,0.2598420771884644,10.572689186146167,7.779983848980874,-4.960045646576336,0.6946275419391233,-3.3252737443779896,0.3104437869344485,4.729490412460033,5.793798991238738,1.6017431873968118,-0.30031076517330213,5.769555973985988,11.653022701130574,-12.26843518421708,1.4998639445087611,-15.160418463868073,8.172544545357063,9.535855411432518,-0.9553348123001346,-0.25425281952995626,4.1741541140612854,-0.11764892805212135,-2.884776734842521,16.838110833235017,-0.8081176697297676,2.8870859516696497,14.967050973395155,4.738287583716119,-0.4449422506417431,3.3172217213307826,9.823547091188573,15.716329731673548,-1.1715981605487826,5.383057607827196,1.5628580195351514,6.509412869241451,9.631219402531517,-0.4501355978423547,1.4603800176753974,3.8656000993717297,-5.909486672004825,4.222493197264269,5.206105359266593,-19.558723226248848,6.755018636639574,-5.500630461442955,0.0511579898626387
7.293300441354389,6.76973079205977,11.165175042310885,13.862456175168708,3.1982366066558354,2.940575324928507,0.13834750608614987,-1.8155702292407438,16.981458197482205,-3.321438660139081,-8.257778516493449,9.668903588935386,5.1190197268708015,-0.11641810787164131,2.47906495816564,-0.3248587751455462,4.830379772348758,-5.654160966291742,12.475487747877605,16.504537069478253,4.263143823103468,2.370282096858888,-2.551794271136952,0.0805811154288112,20.16690757697021,2.2039136554570686,-5.652290818301234,14.399176255725797,-5.765664151887103,-3.9583802325832984,7.841841099929553,-3.637216768883612,-5.1458940744551045,14.329083769629323,5.317887517194247,-0.7433431708621618,-39.95325039532677,-4.974223382385511,2.8149665096350853,3.084361607084048,-3.939506466762143,1.7860971172318916,5.73757707729111,4.174224226504846,-3.076307608459073,1.352860685831599,1.1803819854772202,-4.156738579571838,2.719190192800944,5.425253012331339,-3.5396919657137995,-10.476013061318413,0.8335439797528368,1.8744807832530936,7.038639488725103,6.184730994231984,-5.241846259463559,4.409645802745588,-5.822967741423048,0.28787454031191984,3.3517371435771772,10.200673135398862,-2.1035799470730265,-0.7953243199722331,6.82326891356387,8.275833230991935,-7.901803916830396,2.4123874728703862,-16.603437335478578,11.635649329927142,6.845934103557285,-3.524508885688472,2.3728806530735818,4.791616991837672,1.6942420070538466,-3.345693855102542,18.434830985284425,-2.0030399711474027,1.7984949360721143,12.833453757996798,5.017263518053545,-4.292081550417742,4.161604642715849,8.253358041602294,17.34287406773533,-4.010293806476708,5.609812294308918,3.034120210787823,7.855780411283953,10.063824529667015,0.2569343472041341,1.609093650110426,4.373436879593301,-5.242707529869315,1.9097661596699,2.97327026370614,-20.246648009267922,9.51959928348441,-6.699183404726235,-0.646387820448103
6.753028925018021,3.4203491020154053,5.578101433617879,14.53896362353449,4.193705780348864,1.200824742506084,1.162898987353576,-1.8389193560090722,16.941358929358607,-6.990975791708141,-7.271704531411698,12.220250077089986,4.958002341174124,4.379819157445735,5.712467580317786,2.4933097894812817,3.23335189511706,-3.4631282615838153,12.695081082971479,15.224900806228641,4.622616960842791,3.3458720306650194,-3.5862630577282557,-1.6708730746281593,17.29574982756152,1.5066765655906176,-6.594404723639399,17.086660320329525,-1.9344593808659183,-8.88714069734556,10.705550866545295,-4.194890210726894,-1.84002546694362,6.851321285828614,-1.4522406207045653,-2.3379028418275163,-43.326995952739686,-5.162034080618717,3.4408938754376655,3.995949270252173,-3.6705535734963717,2.793704956396621,6.04869584653227,1.7097661061823035,-3.3310583872813586,4.432470426162122,6.461067276897255,-4.959043278688072,0.31368190106267946,4.009579562346547,-3.4329783858740077,-9.87389424837818,1.947459117938617,2.823900486137892,4.615000287891792,5.625951146873222,-6.586532127221002,8.221446996880776,-5.8813333200196185,1.923965864068495,0.3061705255016429,10.125159534586441,-4.465934191075272,-1.164180322644818,7.218968227435384,5.444738389263357,-4.610783958448363,1.9768213234142193,-14.959892131533849,12.617051711866216,4.452844156383816,-6.227058463850679,3.1170573095567713,5.188902944877979,1.252459302056682,-4.11591133336131,18.447651767340474,-4.01013633324674,-0.49744059739354907,8.831059690631475,4.940215911450235,-6.928568978014899,2.9544236963752954,7.444914712016244,15.683248380185642,-7.262394546694752,6.0317196207940045,5.3911969323950855,8.97359802208954,8.375128706478979,1.945649397242919,-0.07186722894835817,4.036678672687712,-3.8536440640905214,0.9503224474199131,0.39696273372860275,-17.204304934958103,10.906298228387262,-7.088795058784052,-1.5199355448709373
7.221228698124956,-0.2711817364576805,-0.16651547837085356,12.950687662913147,4.502876305118887,-0.006519477373660321,2.1986239845596103,-2.4645626371044234,14.879832825082076,-9.359823626951638,-5.207292725083702,11.586157372870636,4.100450090078208,6.018491303156498,7.582110694097664,5.118136471804828,2.824487308021053,-3.158309234058999,12.034662814405078,12.930371191494899,4.5587371182041565,3.7155106710605157,-3.754733284185698,-3.735768726532584,12.82019588567692,1.1941110406551743,-6.765954008094503,19.507056119707848,0.9685956967655986,-10.958292233156818,13.165387846945277,-2.4401878234517094,-0.45308028323446714,0.18444245219689304,-3.7810664686605113,-3.358282340088972,-51.86082183731509,-5.871578749781212,3.521982874689536,3.5580017267392514,-3.2873549935413147,2.463326429645984,4.378339842338059,-2.0052399306853355,-4.143395064861052,5.673606635564521,10.845298605310054,-5.452025642987116,-0.8334135383678255,1.5605530567339128,-3.6207776552707984,-9.863568442154039,2.8563203175587284,1.7577443918986595,4.22494285864927,6.043107292712595,-6.836427543284923,9.582586659035076,-3.9096700993703157,2.886180595380283,-2.5928324864016,6.3560714972620875,-4.971160384141086,-1.00172605511898,7.44137616687146,3.769687801107651,-1.658052027641543,0.5192945924747933,-10.553564961104108,12.183458535485434,3.6223364183281967,-8.560740446069302,1.4311487005367005,5.921040410042627,-0.11594512746214236,-5.5035954660772335,16.586710577561107,-5.534131321640476,-2.766469790809576,3.2577577695077258,3.898021972713203,-7.384957373398089,0.4403898082711015,8.961020137372655,12.471734928193975,-9.921991445290617,6.235243011005638,7.839384082561427,8.597154718176899,5.4800521876932295,4.173865867636877,-2.9453864943802683,3.1985353664373566,-1.5392457448456014,0.7808813654712443,-1.381721881311462,-11.815538982153797,10.764734784293598,-6.571405508866619,-2.2864400232041353
8.216876908643794,-3.509511667318729,-3.890849831441953,9.226257239203816,4.486929534573436,0.023693418893843576,2.807354301265843,-3.005822487000377,10.619549263709478,-9.137090657577133,-3.3958610941900735,8.499256654411496,3.63817342358701,3.520317054293229,7.868017607085103,6.180490639155702,3.7189934512143883,-3.7336909727031866,9.860127804598005,10.476925883123798,2.815641049424333,2.3215205896523075,-2.6473068659872183,-5.295437209612973,9.26865627091772,1.322921496224428,-7.175770872764007,19.35797961765597,1.8538324950856957,-10.280933420389044,13.925756745447554,0.11827853285512058,-1.1110702858011532,-4.58058602315086,-1.6430524173463135,-4.278232897842263,-64.24557473237826,-6.368341843684,1.5745857424210223,3.369353353364863,-2.922383087852074,1.36524900344115,1.6180227124346456,-4.507990199638226,-5.855432516321164,4.268238847606042,12.192760177322446,-4.743889230862622,-0.359583785918549,-0.8146156130829463,-3.3282472741558293,-10.189453694214645,2.5156284441199626,-1.297415280409878,5.58238203803696,6.437207052019296,-5.071034606739551,7.317900591205691,-1.9420539738560703,1.5782497138096376,-3.8765756293858478,1.7675255293677654,-4.257183019891841,0.04707794268448812,7.896105447365546,2.887892653323812,2.3232706365759492,-1.270140371739016,-4.721207779416567,11.674313101230707,3.911242201027469,-10.087743427413915,-1.844701910242261,7.103251448196472,-0.6891611845668475,-6.898740765394779,13.035734227758192,-5.956648942706563,-3.900803767276069,-2.6398121763975526,2.177778376432155,-5.753180059172082,-1.6545114467869348,11.846651329788171,10.27592986408413,-10.911983132197925,5.446256125928423,9.38428345017256,6.607538542298133,3.1074732274363575,5.7380293178426465,-6.1244014940881755,2.2285126458111932,1.1191781259513909,0.4073175106980925,-1.7528252962110813,-6.498570539383604,9.869574427884057,-5.670955468300473,-2.680927767555143
9.03199164732049,-5.889844389400533,-4.520427053204585,4.683452071920315,4.236391858245937,1.889161347713006,2.7915471774940395,-2.9582822818296046,5.591492666853318,-6.418074936803124,-2.701589433820086,4.285662048975548,4.467089771190129,-2.1653510010856514,6.808083689910588,4.9478564353891406,5.593075186635909,-3.7684906845029116,6.037367176452955,9.2398172530565,-1.5270625397329693,-0.7087823352473199,-0.3107710473107399,-5.610608047187297,8.646220396915712,1.0657182336100102,-8.140910034197809,16.1492639962154,1.508913955155636,-8.077384576204983,13.20023498399094,1.6554397192414336,-2.860102643982708,-7.951989502095701,2.674432626410966,-5.727173130417968,-76.43559051410696,-5.781988306944912,-3.0346149004585072,5.167912915028596,-2.991174681729093,0.008938947669342001,-1.03534998361209,-4.548069252674667,-8.491940457092232,1.0371478048738312,9.827451804682877,-1.7872476476211194,1.513386845120205,-2.2027906175229544,-1.908241554075973,-9.164487036812895,1.1848993753627381,-4.774507858299845,7.197686505452805,5.849831113548296,-2.395207447309944,2.8484046744901557,-2.0145545643754312,-1.4192208942416453,-3.5610031812410314,-0.9507226359528969,-3.7450782861717893,1.9987763147914923,9.097174092010562,1.720812250797235,6.925244721626401,-2.8093608898858653,1.253832453473259,11.3440857896586,3.7315167626612817,-9.871565546520861,-5.0770781835609124,8.30316095453064,0.09258613053702258,-6.955950353605734,8.811560858164004,-5.308486020337291,-3.2089408210510486,-6.814650861921321,0.7156401021583232,-3.1517628383305802,-1.7822213240931062,13.633878634963612,10.344267912518474,-9.77727340797303,3.1874367804593344,9.250420684271054,3.5956443693838587,2.949207169880257,5.632652414972226,-9.212542758045563,1.7498079848638106,3.1123159751195613,-0.39684325516231134,-0.7854384290297949,-2.5686450394452343,9.031942728953291,-4.805430234200192,-2.850793918593749
8.955509963124765,-7.627214654447853,-2.964981396591388,0.9748051337678487,4.296179228403619,5.247891571450389,2.3321842526875534,-2.0128516297203607,1.3616279628062475,-2.499332607352192,-2.609066737949788,0.17980296574806334,6.535740473581783,-7.717109146754014,4.81792006642457,1.9706231444044346,7.949614672372183,-2.359349394407864,1.7774106865412649,9.58306796500798,-7.630824156842989,-4.121338326283161,2.304361559352799,-4.388404274592385,10.697747739069644,-0.028588995614737156,-9.01743338711957,11.790574991117655,2.248553224043067,-5.521495479795411,11.983827492123238,1.552941302109639,-4.822860548392061,-10.863675801630821,7.047608915315709,-7.431254710483634,-81.9108062310429,-4.104748772404168,-8.464708808374365,9.273355909047526,-3.905986488765107,-1.8670757542644867,-2.3643366497860328,-2.9474793167952824,-11.497418199819352,-2.2556839199824488,5.370551235703797,3.3882664473460595,3.829838053906352,-2.2306446303189844,0.31631733674679907,-5.281691880117983,0.31754201248974856,-6.840278993278735,7.4810364477082,4.293109668337378,-0.6299214162934215,-1.0161074609994878,-4.2787619364025815,-3.9275640208272287,-2.6705724474497803,-1.1070025328647093,-4.40215683565514,4.072833703347918,10.75176625813066,-0.36786231345768616,9.545406401951393,-3.794457125318429,6.346388262400975,10.668480613273468,2.244148100315626,-6.782096606725825,-7.191874665141987,8.492390088825715,1.6980254618982777,-4.5525021395499135,5.118359528441579,-4.034071846050186,-1.0734319980064406,-7.637426259384929,0.05522594546350912,-1.0544884289079177,0.16442166216402287,12.533111145341561,11.930830166985448,-7.254000580898597,0.038292019357159646,7.122846861427535,0.05105904745773282,5.432477087661462,3.8553024446058366,-12.38813277926831,2.503249920682897,3.7724892027367503,-1.1426274422400462,0.9351563341727194,0.11435217356319427,8.37250969203943,-3.540672128697417,-2.9663314471232862
7.298053447940122,-9.055219003870878,-1.4157672610340977,-1.016592325607613,5.524781096084728,8.630993048870124,1.8867488008520175,-0.1535981279887071,-1.901264322278875,0.8454677819792356,-1.9596497631677532,-3.2321877134600108,8.600972732669813,-9.473492178251458,2.7318034333256067,-0.9403091428401001,9.528325138738028,0.8252378132473428,-1.2577849853329441,10.60649136404189,-13.315467811644313,-6.519484743501939,4.222542748942284,-2.143026614157002,13.254954172025183,-1.5119424717686063,-9.111307122220873,8.57607407797956,5.526016160976752,-3.3794500798524294,10.364128212256585,0.7123725969383099,-6.657317661053127,-13.15118234772889,10.40145990118302,-7.666298298386205,-72.94758737213355,-2.3002177960294814,-11.546511900960724,13.753519040099592,-5.422518604355164,-4.8652267888193474,-1.8097945224947483,-1.4425731104980741,-14.015326593334885,-3.9559168185024998,1.637716825224736,9.244729543051681,5.612767325615008,-0.8164175855916117,2.4045851748260096,0.708899031340688,0.9692595382894833,-6.831463168232517,5.722903939261496,2.567562607388011,-0.8827759276039973,-2.173046348247947,-6.635684445970337,-3.9911459427904794,-2.1692983650815356,-0.19639971178476245,-5.682525026225351,4.877602931844984,11.406340057454877,-2.8754028947170482,7.94791422038198,-4.414090294771144,9.708875219101365,9.536511996984254,0.2906579926794275,-0.7763222645713523,-8.136293476962377,6.798340405170615,3.5762352237898796,0.014611290123540899,2.8402758325557906,-2.610117528598656,1.1426325931367172,-5.445363069784504,0.152398243392579,-0.3560580030017948,3.090936975887863,8.752460918591668,13.137244332952715,-5.050094696276135,-2.701972368625974,3.6078976857737937,-4.06448953578537,8.906477530658659,0.9871260341451933,-15.638578577926271,4.265688558874096,3.55308281408576,-1.0435057586713512,2.3918229012895935,1.9317441046421537,7.160846433891269,-0.9918258765807462,-2.6095641216391354
3.952190097976224,-10.029658044767181,-1.6983378249428718,-1.5495211392392028,7.8902134894569915,10.461310820445416,1.8545786772700699,2.199529591617038,-4.892775843066706,2.3397984190300107,-0.49036851104462453,-5.40415728163244,8.98899440464611,-6.544116994945378,1.5620112992447293,-2.013726206717064,8.563485599657955,5.950370311429628,-2.4274513400933047,11.009180459718532,-16.76437153223243,-7.265699579278806,4.978421494565881,-0.015771135479623055,14.274308446663298,-2.799565457295646,-8.24868127589987,7.209876066536852,10.020632878218747,-2.476882121363403,7.7637573258225405,0.21295264622735777,-8.218687512218796,-13.496672759287728,11.98659855798131,-4.65878909396633,-45.228592541249945,-1.3707610701106283,-10.504474592836502,15.609516954555188,-6.536182717088313,-8.743549765283145,0.1537020973291804,-1.1813587801258976,-15.394590017322818,-3.859337840573678,0.19506217535262893,13.822939531365806,6.548975601166184,1.8660284602796766,3.571805622491243,5.617162621279126,2.7021987015582623,-5.523143887025602,2.193568088488354,1.2572884603184278,-3.087208239937514,-0.6549759449790284,-6.4471345792049615,-1.2020127306110764,-2.5937966557024734,-0.3295580491982426,-5.936270947343318,3.886182795921523,9.794381662492356,-4.948622440744785,2.5808071902376333,-5.350863292286125,11.142360566292663,8.518056114247795,-0.7670682348059277,6.310243212907027,-8.501739569986135,3.52565709070583,5.26931663968308,4.683244622795991,2.361058387615527,-1.2787813687591814,2.093391152060596,-2.355651004391996,0.7398118742362096,-1.2136276582727321,5.675373597249767,4.026541237351051,12.640697706928474,-4.562332626667784,-4.181686491637969,0.10811637061867696,-8.891115875877276,10.653296205939208,-2.3218494903065574,-18.172678805845155,5.684922578728788,3.574951939972941,0.6673031774490854,2.7489298674704408,3.059645176324942,4.697635364808567,2.7138559585395763,-1.2116489516309759
-0.0659212413626582,-10.390075517787764,-4.256213959519982,-1.5959984189845802,10.122859288586211,10.259552228862118,2.15839078197633,4.248743067287533,-7.726248360656397,2.125781436376251,0.8926959268761296,-5.401906083371081,6.806589361659896,-1.353771945486943,1.940401520212518,-1.5231044921281134,4.24828421850512,12.590494510900637,-2.103027916712334,10.016059063802686,-17.012851393927086,-6.903730432378606,4.344620744139323,0.8195039585745283,13.468336698925963,-3.631406351199283,-6.761066114258122,6.427589363693712,12.859231510553709,-4.102347372787636,4.5642513097019215,-0.14339110306620395,-9.231241368655843,-11.088909732719273,11.30822779260431,1.306213433146734,-4.1592675739718885,-1.4480786555840885,-6.242000031313192,13.229214966958146,-6.528628528709501,-12.10806037683173,2.1725060768698805,-2.3198759995172713,-15.397345591897578,-3.3405556481825576,0.16096021937564986,15.651165242104675,6.8998473631172805,5.191974738463463,3.6002558808069303,6.550846765191626,4.28074111209668,-4.444239390705647,-1.9256168629439934,0.24580760070589136,-5.944208374851237,1.5123723031683562,-2.831365980332247,3.261214024415046,-4.115529462418609,-2.713218843009523,-3.885333830503562,2.256835504393506,6.2992697604800805,-6.555955263052406,-3.691377165366582,-7.224216767859762,11.103873295174271,8.180531031705328,-0.818938353068885,11.956936638751417,-8.976960254230478,0.06613381719004074,6.161973891512607,6.960690866816148,3.1381153933194073,-0.5649452160333606,0.9456213170014353,-0.3587928472784716,1.322996194180826,-3.152442933333161,6.924091857236639,0.1524963340704879,10.806928758544354,-5.925900459397147,-4.443584232932995,-1.8327893036072158,-13.73110568611868,9.066175138235916,-5.564890686062503,-18.85844476295449,5.616866991152558,4.266742525868851,3.998253559022378,1.8676403205449432,3.7315049737206785,1.377107599899814,5.972629127940004,1.0531150370918647
-3.329645109522281,-10.491258207344888,-8.111069718098502,-2.106207210592432,10.752207658397413,8.761496712083021,2.4289154052293567,5.06190106571365,-9.390247954245467,1.530095025888555,1.4847640527903634,-2.7509136189643537,2.4616377275914587,3.172912164179963,3.5680846885305275,-1.545046055054481,-2.514343992076868,19.216601737534653,-1.0214398763548593,7.715580375523578,-13.792567258090163,-6.383805854754836,2.5839710950247863,-0.3313827531763952,11.796399890815835,-4.008597787207892,-5.398949713064413,4.178822261159921,12.528496837969065,-9.11679605375565,2.2236034791340247,-1.6530027972712056,-9.680710890919745,-7.239779688531184,8.18134553966676,7.730557907330509,36.01758004888315,-2.0284180053130143,-1.4655793906582488,7.5218894800508895,-5.831204625393088,-13.577469850281345,2.8401187008465634,-4.208939907517724,-14.288383205003058,-3.875103860187608,-0.45747419056445926,13.960405472940149,7.034899122851219,8.155893184678435,2.8750413280973515,3.554070332876872,4.826860072937286,-4.78594653443373,-5.056988559672997,-0.900528498973781,-7.174055686053551,2.0794358563742783,2.770169426336696,7.3928830634852565,-6.063229794155444,-7.169493133538402,0.1911670429692638,1.6598158632852882,2.6307324949468964,-8.50003999038753,-7.712029221699608,-9.798980160154212,10.295685219357814,8.486563307187712,-1.3036112199801786,14.938581739113223,-9.735971840884902,-2.22731759462909,6.043737467504894,5.949515883181746,3.750968662193024,-1.3763651988148218,-2.1684316973659175,-0.14597395776498986,1.3470071071681304,-4.7554777718922825,6.347093580086483,-2.3148112660696945,8.930072929283023,-8.260110318188188,-3.9456046325076306,-1.3718840187765284,-16.965519891323176,4.495221066265598,-8.868515981599806,-17.05287466549401,4.11639014012759,5.085183760417393,7.28254236765366,-0.1127639099951101,4.266915787898533,-1.5128395369237913,6.823268813995932,3.2095008726367897
-5.468487078083528,-10.775352843260848,-11.62293511085026,-3.6841921495647068,9.161788996020997,6.850768376184137,2.7606275721260247,4.10401492460846,-8.502996527006943,1.5550764733514972,1.4405552306465323,1.5979402846890922,-2.489480013123565,6.176812315183853,5.119834301381845,-3.1934879791253765,-9.937559265029007,24.036604837176736,-0.08103996541831959,4.800534103437171,-8.134236341069325,-5.761699229664666,0.7883239070535495,-3.1792913820216375,9.60844031966518,-4.267390043808177,-4.884618749882499,-0.3871405738999574,10.014509977616513,-16.247669246659896,1.3930788789919917,-4.9951588476589,-10.235489457101913,-4.685866450599487,2.435946418885324,11.783098047583831,62.782208836766614,-3.095007983950196,1.0209749499651526,0.9581474358857696,-5.225214110580108,-12.743344035800451,1.8843775461077716,-5.7627389364999315,-12.688686629065344,-5.753338756794887,-2.635264430171067,9.521158218841368,7.234869172219721,9.70361555246025,2.0069891221806415,-0.9938650739541844,4.182627611883646,-6.326546817524701,-6.6324267964972945,-2.4408817556238294,-4.49826141958858,0.5330622636385516,7.7011152781545835,9.417167391971265,-6.892222401926555,-12.087567633312227,4.269766056679439,2.7809722488459707,0.2973544435079112,-11.144502352099556,-8.32402409944502,-11.89223512434464,9.204581312429976,8.90808756072376,-3.8496474166520604,15.69836325559146,-10.171822399312374,-2.673299424517912,5.494306605021648,2.9125916280141397,2.975161663069225,-4.055650597632775,-5.733221476576339,-1.226695245943675,0.7116700569546072,-4.224072891436738,4.13402001558182,-3.92243488155321,7.691876580312351,-10.385922754596702,-2.910087997293361,0.5923333504631554,-17.432296126681436,-1.2824237981343867,-12.936296369182653,-13.395385316556698,1.9025463588872187,5.177484057647182,7.694536019577224,-3.1367895132251604,5.054220002461784,-2.802315522229994,4.268037673376085,4.429944419048912
-7.146264511692834,-11.23178984671097,-13.718142306432526,-6.658321717980693,5.712994550677534,4.816408488700259,3.7325200317385745,1.8725218935295813,-4.940761894719524,1.9732625280205482,1.1587430878084046,5.50432455819412,-6.150168976485056,8.17970533910661,4.9110902404388845,-5.421296130419734,-16.388443358123446,25.779303698117648,0.14587749680878348,1.9449189539572478,-2.3277206128788093,-4.562090429221929,0.1960590012711233,-6.38267575981226,6.1017433265150895,-4.816216612752939,-4.998428736980919,-5.692761129096834,7.286881763759441,-22.10995597033144,0.747227457592921,-9.053586053021363,-11.868368064849692,-5.1545831010345475,-5.584159651623107,12.073783553585,72.83668227907961,-5.150630281336204,0.1254869178094178,-3.888120529398222,-4.372577433541312,-9.937839290704993,0.2540238863748996,-6.111867176755078,-11.033811741834073,-7.8729791960856526,-5.665613503718141,4.858829781109825,7.3869888966631985,9.071589372031026,1.2283686600219894,-4.668718714804884,2.64174945008953,-7.312760867978216,-7.785276640317512,-4.1906870996675725,2.7777426663357394,-1.564917425907196,9.871875624305096,8.482682590839964,-5.567759747661028,-15.029357329552033,5.989424158335202,5.029845723378264,-0.40930735955233866,-13.71232014672278,-6.845289236392505,-12.266496193180807,7.772947311475033,8.962211936416633,-8.58886616467533,14.79565134620145,-9.458794777584579,-1.242556375310667,5.237606134525862,-0.186013655869848,0.7343756200393545,-8.284353309455167,-7.69112801736052,-2.4119731057984626,-0.17105015884011676,-1.2981120084760303,1.1998835503678404,-5.036819877104223,6.5580056771102075,-11.368169449320401,-0.796365743199015,1.7140573479521466,-15.70435070195463,-5.809344700319574,-17.822774410957525,-9.812021123228806,-0.26413718848366585,4.185663740930154,3.5969122426889273,-6.819350339619177,6.191377448302105,-1.9373943896683556,-0.9153351640162466,4.804277555436271
-8.574885684026283,-11.323296745150419,-14.402894168060762,-10.790832125951965,1.2897471768985511,2.7140567089833123,5.3917153440896035,-0.37248905837575785,-0.676791510195073,1.957969612951079,1.2438258378364089,6.955672591713571,-7.568469830317302,9.154261737129733,2.2884833728299823,-6.703331760148486,-20.323206909401023,23.628303527427015,-0.2632160223278346,-0.7768396247547429,1.6267310376840225,-2.9812777610448826,1.286823083764427,-8.277218276319452,0.7133506808620229,-5.784016378673681,-4.517911430899112,-8.771611622539123,5.4214234097656115,-23.70099201212487,-1.7347987210532354,-11.636290366566264,-14.991927028217555,-7.955037986546636,-14.035878821683852,9.29072869755705,70.23375611882233,-8.285184083274633,-2.7173223968487683,-5.725566954936703,-2.201286568730944,-6.006191040087831,-1.0126658636417472,-5.185323003281283,-9.520944248843206,-8.472153906332693,-8.017115979732976,2.250515421904506,6.637669055542357,6.0679056991300815,0.18662630084132803,-6.1874718143267184,0.7270181679037326,-5.648967832741087,-10.40013599332519,-5.335641326040117,12.651822116056895,-2.1065469240504906,8.894689042617482,4.86801244081521,-2.6835576941641994,-14.256070418288884,4.351474070050747,6.897868708347105,-0.21034307851741607,-15.088339863951358,-5.456529882218284,-10.32463356823625,5.845796567668408,8.451664066297859,-13.801787049737337,11.794729744831901,-7.56172882654779,1.3851960967231383,5.321728697012491,-2.3210402576114757,-1.8895302363844624,-13.416387654874434,-6.932958113460588,-2.670357780650253,-0.8547555778101634,1.8554329158606433,-1.2741598118124484,-5.281257842672445,4.429269784718062,-10.98453538666828,3.4139831284305737,0.2549262724662964,-13.323403093176358,-7.0690718938644475,-22.150064313080378,-7.948986764738639,-1.5214785984182404,2.7739672866635816,-3.698179749934096,-10.168406059558684,6.896566367210521,0.9860867321546349,-6.475942554749561,5.086624932181967
-9.240806236004136,-10.161096008893487,-13.955604789881212,-15.063876674190581,-3.4762382862942154,0.3607146515635755,6.490573459588357,-1.6798924958183088,1.6959129377304567,1.1133250259582015,2.4290657519304024,5.396455989417756,-7.154896037655568,8.36744359661018,-1.394963297212171,-6.380672908788702,-20.17791304114894,17.883866063703884,-1.042888040398109,-3.5321756695808144,3.1623102269536636,-1.8496104484895757,3.5225166050136347,-7.999389304581767,-5.629664637575397,-6.927376498594675,-2.6179085501811246,-7.92527852862556,4.423988757286277,-20.84707041373199,-6.597997452033141,-11.205920642202486,-18.612198155182853,-10.897630990323108,-20.03647871328874,5.601898795979672,61.47077680823458,-11.79430884940185,-5.136776635810616,-5.226456075192851,1.1669878985877373,-2.1234371680227295,-1.9639159293420603,-3.7144858189979724,-8.361979381492839,-6.625817612863655,-8.500955167106092,1.8719187704642903,3.9306374811757996,1.3221757026819023,-1.4844882609528736,-5.422206151087229,-0.9603327174012728,-0.512775148863831,-15.47184558383406,-4.8931484394654685,21.160540960916304,-0.43734076045830284,5.496866942349526,-0.18645239915180944,-0.046775384107444695,-9.792202880836859,0.10128987112098953,6.806179409579314,-0.046545437894541575,-14.872201714070703,-5.461599738598706,-6.286553075971621,3.892882201094706,7.408073497109672,-17.214743743017834,6.512797508625022,-5.581846399196961,4.04633937275338,4.9670829333730655,-3.599909451753767,-3.785111223939654,-17.998410009079123,-3.8989945884523873,-1.9592226347772284,-1.4687844353469521,2.65127936203132,-2.426439663705953,-4.274208020154342,0.9386313496168519,-9.896625820292456,9.462213303654902,-3.494726761774353,-10.989347486562245,-4.802391736571865,-23.96294476363553,-7.827422923598926,-1.2060459796051552,2.043983877736914,-10.666072905092078,-12.346228463961836,6.169741552908943,4.855058934893199,-9.972001974978179,5.629377864699389
-9.029292442848252,-7.1936428915390005,-12.263576194507891,-18.222298382052813,-8.418990313749893,-2.734780038730249,5.314215096393435,-1.933008737419189,1.2561468947416725,-0.13474566937363253,4.471483739338545,2.1957624364136357,-5.868790396221776,5.581175799630587,-3.930302289544853,-4.603381444015646,-15.187633162635308,10.565643576470265,-2.0213501931400373,-5.90332996144368,2.5865941341605203,-1.9266275600263856,5.684725949890491,-6.362793392091661,-10.788950780231456,-7.855197667622304,0.14232322345144954,-4.041120149678335,3.928195088792933,-15.92329339663846,-12.054843825334933,-7.92443592750365,-20.724812155425663,-12.211630415257396,-21.542719889934656,3.073743263630344,52.18888782091967,-14.37359587500972,-6.131624556057947,-3.8448930836414266,3.979943969223501,0.9779554870381277,-3.671747321938076,-2.577277350793728,-7.644361311135517,-3.1538878281083216,-7.011855159771228,2.175326534970471,-1.0652902066071892,-3.7516597109992063,-3.5614531595701426,-3.0894700362661824,-2.175393645626486,6.752662587309521,-21.732759988378586,-2.728492348258987,25.015815164278237,1.9207522067957896,0.4822832282266981,-5.265287384193981,0.6672134493239248,-3.3825418175675335,-4.916631203264947,4.492015375072469,-0.3393774392960678,-13.509788308040285,-6.545165733391975,-1.0428343579953543,2.733270814471466,6.2017519413093325,-17.412471507122337,0.41918131529872826,-4.86388827383592,5.61819938281512,3.1680401474953785,-4.635676842802461,-4.860794989391758,-19.97815440391453,-0.06270814782674683,-1.06107005360184,-2.7735202726144226,0.6985921520722416,-2.111369542243318,-2.551732973737531,-2.808911411305857,-8.869089078282286,14.632354048098708,-7.702264631229339,-8.323106340837183,-0.7683439245735015,-22.494858249846075,-8.202229383227372,0.4826094551604221,2.3446829539717564,-13.816000808911284,-13.284076128366056,4.211685156723457,7.836667425200423,-9.947988315325315,5.732217183053068
-8.56816237395465,-3.059784492182826,-9.196601492928446,-19.478834680720635,-13.06683453213147,-6.315144765422709,1.6727060638666686,-1.7391061568114103,-0.9450568699923423,-1.084183772455985,5.942634207973001,-0.3990611011501527,-4.107910263079165,1.6666635895024475,-4.354799416502429,-2.144482430412064,-6.202078795607231,4.420709672346084,-2.945067727331474,-7.076782085587871,0.3709056733151046,-3.3128091105828665,6.7844880836357335,-5.394080939895793,-12.667121019443963,-8.384153169398427,2.374436588466837,0.4149670344518186,3.412189289035716,-11.3893103246042,-15.53355394263071,-3.4484058882094892,-19.99309311771405,-11.66210066294437,-18.661200869092944,2.4589294318105885,45.7054174536506,-14.781047128084236,-6.145374335184244,-2.4591379555667707,4.7235960107719865,3.347201740975353,-6.645321839811046,-2.1033776342847132,-7.249535347673297,0.23318294458921107,-4.727022074881479,1.4329608071782263,-7.517707597127547,-7.541599794031992,-5.231473614190135,-0.1517134830707909,-3.304882680579859,13.319932942197212,-25.91326524153049,0.35319739343703427,23.811905416377133,2.6726848465959163,-5.295477250619142,-9.278423711067443,-1.024485252982056,2.454056920448341,-8.666649661717111,1.3441919296908436,-0.8637695417261666,-11.60466127934299,-6.92873543085062,3.964108609282831,2.76694637801099,5.473747560527974,-14.302124794200708,-4.218962717665042,-5.713224957572571,5.277545597516831,-0.3448958218739855,-5.995186769139652,-5.544403489098937,-17.766249655237797,2.757940742851366,-0.7435925302933697,-5.5208403625704765,-2.1327392785584034,-1.3055562848347415,-1.2595227368104236,-5.031128768173621,-7.84923913880899,15.53139158942566,-10.340648015095805,-4.995057727815166,2.536931805784682,-18.859750893485277,-7.770409761603929,2.4242662814114,3.2674593325784835,-11.913997257349042,-13.130275248235453,2.5666774378679587,8.70070422074059,-6.750235179864182,4.589633263571134
-8.293465474742982,0.7379832672187852,-5.010061562964172,-18.676020146372863,-16.180508473874102,-8.715776653962964,-2.330312567219163,-1.9503978319220376,-3.1477881268548744,-1.5617899202008791,5.592448995334137,-1.1475498185102144,-1.5001505011796172,-1.829128548672366,-3.428049774624048,-0.2302357176869061,4.376735971633998,1.4137714533005918,-3.6964118735614573,-6.729711774118575,-2.4653213081325998,-5.158114376712626,6.746446734526108,-6.447252901936667,-10.466171534247732,-8.237889132853528,3.313453938232702,3.113549247940253,2.6158125952197473,-8.245575646656999,-16.07459881284005,0.12473610632974408,-16.573208150224218,-10.282295271910892,-13.37715033377409,3.3750189607281817,43.08534461431166,-12.674476002008014,-5.670490203401675,-1.2450234330172945,3.7307213936938064,5.076339975408192,-9.82195791733425,-1.9304545533028337,-6.97092797047284,2.337912432845221,-3.4220908153472545,-1.0852632440947936,-13.649744016008432,-9.015960946412825,-5.543467899051497,2.7151280805515574,-4.735681290165064,16.994977878647777,-25.228831545455762,3.232845247074326,19.678946672908594,0.9387103767944156,-10.451342819872835,-11.40493523926689,-4.186871771736055,5.924477474179692,-10.180206349621585,-1.0778222384831828,-1.3243269627265537,-9.495983939410763,-4.80709914917501,7.101224318796016,3.6838752182440246,5.550808583482468,-9.006852070849227,-5.825340202973056,-6.761368035231168,2.898060930758596,-4.984974681940767,-7.406764758399044,-5.886473792733941,-10.940198520358258,3.1127605451376015,-1.3856842199193817,-9.732360085151464,-3.595438596551203,-1.4395936057996241,-0.9725531854561584,-4.918094207689451,-6.043984493314415,11.083651928042222,-10.38082346139398,-1.410423292357826,3.5995348670779284,-14.671102812078594,-6.374108811895602,3.344828717808282,4.516044688724638,-6.663030407449662,-11.485616846281417,2.8314040679483066,7.466140361673939,-2.6436134966245475,2.703177650478704
-7.937837060240968,3.2419686698537786,-0.3876938982849736,-16.29058288498171,-16.52642499851114,-8.246806573141773,-3.96463192916322,-2.7805293996620137,-4.125976388288921,-2.2867184894566206,3.650535571371993,-0.25304643657074033,2.0435144505824163,-3.622902541129487,-2.585520705146578,0.22299120040456555,13.219413113121586,2.2553640506486654,-4.495855381907217,-5.732431716980156,-4.258750397884615,-6.184928654499969,5.872741484908522,-8.856164107764734,-5.315398535417799,-6.998917543559891,3.803871606905205,3.1255851588595007,2.1328512549733833,-6.301287112343443,-14.739013386912013,1.5928419916475036,-11.36792616087962,-9.275472643628586,-8.164732904276097,4.9490653425639515,43.95099108932086,-8.891544810417066,-4.731920061636993,-0.02025448017734144,2.55677424883292,5.888795618080353,-11.506645781692201,-1.297759756881967,-6.600831714444492,3.125567657167747,-4.0877884402800015,-4.68365779332137,-17.91789192387776,-8.306337000577386,-4.039653485989591,4.9139323685254395,-6.068588816025544,17.684199197888976,-19.717743826509214,4.763989499075585,15.321509160870201,-2.0043281674679743,-13.204514554861497,-11.406081463766082,-7.061361971157717,6.999865597992244,-10.007096658722833,-2.4044890081758132,-1.7362202986537687,-7.485218357285207,-0.0963297173289206,7.658907630283511,4.630049335290691,6.167501326398769,-3.3702872965836184,-4.015889375314476,-5.799228140854948,-0.6898645852407324,-9.805162240160671,-7.5375374748013915,-5.708259969017295,-0.8744456121143909,1.1476009642286074,-2.8392905209317525,-14.328493287190977,-2.645736423033374,-2.6047108382012114,-1.3960343919415585,-3.3050995109481907,-2.6201519177516355,3.376529108094067,-8.239369002162054,1.6826823231464605,2.5680831422689963,-10.441886982967262,-5.130344241364218,2.6319848878107113,5.873556421416543,-1.0236321771401014,-7.809377101031425,5.21025856520627,4.752174820124849,-0.2926184221813317,1.5703272273739288
-6.8386778882746,4.778368406055777,3.6035268617071257,-13.284029891243794,-13.972664749968127,-4.983178319883163,-1.903244730763627,-3.532098390249777,-4.019175160602947,-4.115087049267497,1.6945437171266682,1.8171957274223582,5.447671999491503,-3.2772745106015284,-2.9452151965249467,-0.342973176731346,17.0080130306919,6.2578515324054695,-5.253603406087956,-5.48317021602641,-3.78249992407883,-5.884505361870308,4.053377471067128,-10.686678359218007,0.12956317824701769,-4.865835416943585,5.235315436001618,1.3874453020297781,3.0767449733661056,-4.719647423165338,-13.03625048775217,1.49270625884584,-5.167212039251094,-8.78218452156895,-4.677337676023818,6.217939196729471,47.140001746240024,-4.9228387929680215,-3.37510991614342,1.4401603283223172,2.176360134549563,5.759441287422319,-10.75885953235925,0.4703440361254394,-5.856298318007932,3.383643561861426,-5.947887751700341,-7.519640623713366,-20.05362851414036,-6.485847141127926,-1.110952922587206,5.419745033343446,-6.370848396027346,16.82054156508699,-11.81294478842698,4.335222644618963,12.211363656510988,-3.9027593654358617,-12.432768064105574,-9.94854136462727,-8.244275906336089,7.219409253390163,-8.929030174554082,-3.191008910942781,-2.4210135126070544,-5.766264898909378,5.577030850802625,6.652920647974953,4.668476831576097,6.908206526579859,0.9554782660082157,0.04169247914164065,-1.7149457053399373,-4.229561276301161,-13.651296114908629,-5.38391703179117,-4.974263806584211,9.205719483847592,-1.0074201126091893,-4.174040294155711,-17.49967345558403,0.047481722896909107,-3.2322229834207845,-2.1915535193398936,-1.9689582372727585,2.379336143006684,-3.9097773832100833,-5.272800862952586,4.285920804178603,0.560186198489919,-5.884201294540147,-5.071064841192128,0.642576147892256,6.812822289605852,2.858955879878971,-2.5574604191583097,8.20825041272343,1.2678058376218533,-0.4083336347705586,2.074180543150778
-4.421970545494769,6.217379099920101,5.941894618738067,-10.275557329294852,-9.559461587198621,-0.8319244412648239,2.8567437961296944,-3.5698078110284106,-3.9794672590741893,-6.531023712055075,1.4273841009728,4.565620169840245,7.226455210062533,-1.0678163791338837,-4.450724994436805,-0.4632643245652299,14.257755460531603,10.96390254477916,-5.386202855497126,-6.280146466319957,-1.5075155200392132,-4.804986557533163,1.2025692296736041,-10.591677562956242,3.1513925236797204,-2.728446181820754,7.499308052714227,-0.12010606417118375,5.826424070238632,-2.521753639307952,-11.769122314565516,1.5617034992837402,1.3857954526183844,-7.690164633437769,-3.1255943181059274,6.772667875709525,51.166076253174865,-1.8018400592178172,-2.011805620162699,2.733552679592301,2.4665113140041317,5.425921959756742,-7.772051120701702,3.558692368949754,-4.0808289954028645,3.832301471403934,-7.03732047905102,-8.065607923430406,-20.535892953011615,-4.547174847651495,2.3486825327279943,3.448844152316816,-5.231285815684517,15.843637546117884,-4.226579828258793,2.4674476354776136,10.109827926991656,-3.229032049672188,-8.816448342331313,-8.32783607324074,-7.5875175668002655,8.341873995301622,-6.720315024278184,-4.125361723130823,-3.6061339391884406,-3.9822536036186706,10.205407927736369,6.039255499559612,3.5049466762176253,7.526359832085684,3.2837425016212576,3.8421871399147016,4.364840791340006,-6.587294615464049,-15.60309841767269,-1.7969603662524305,-3.9740632883497162,15.906632896632114,-1.0783087283472832,-4.319520737704162,-17.71646820593267,2.6862970052375084,-2.1483321535164843,-3.5147984528330025,-2.7082113124847034,7.542788222919203,-7.804451374645336,-2.8369676998386684,7.319219582006257,-1.4685371398610014,-1.1969742886077221,-5.709086374261738,-1.5559063305747785,6.821232554618728,4.110517354113165,2.8221571523267874,9.803698703155131,-1.9468252241774344,-0.9308475909578702,3.5451175823976255
-0.8433498614375665,7.889409747747726,6.127824969754803,-6.831508840177435,-4.779565427062005,1.9627678982381838,7.569423821659947,-3.212967974804433,-4.886790390034783,-7.738082336578342,3.3993830597219863,6.583355092009,6.986730101381026,2.172633496066401,-5.658256012410088,1.1390232416537298,6.690348877094042,13.107153555134717,-4.672685411443204,-7.263564248103257,0.6828122597106421,-3.634138335152117,-1.8918309866767045,-8.779613050765121,2.7177401352721713,-1.3118428735085872,9.054579697291315,0.10118566761877545,9.307597753791898,0.31715792161126455,-10.875305960605179,3.0805642227587704,7.5212700354327815,-4.985198215318732,-2.633335892111699,7.0048169016993915,54.29270173246576,0.8332341231161848,-1.2257521556535926,2.612233198066048,3.361380050852265,5.971204642370431,-3.2553590070922462,7.66193390247248,-0.4727021124179567,4.600617529586998,-6.061943648974864,-6.779340442555933,-19.77425615835518,-2.677456232897505,5.676032245980815,-0.15765089007219513,-3.042291731562713,15.45104025350999,1.6175107285490267,0.19469248687857021,7.950264542281781,-0.15872356806380705,-4.424860529832533,-7.730954036064843,-5.99950824685852,10.591426209006334,-2.6392019087859997,-5.618354612237531,-4.749065550134776,-1.58493215228075,12.669347858724228,6.977603904517724,1.9764806879115184,7.661419874807949,3.9384640002294065,5.2617908649517755,9.652070741191896,-7.045485876723714,-15.715038000722046,1.0060441846696082,-3.311478876114381,17.620881027431714,1.0815553521184187,-3.102208367588972,-14.555138399110046,3.943203027580731,0.10717134080903884,-5.5027219028775844,-6.149574054764285,11.006660387421535,-7.706828078065338,-1.4758383961635504,11.256798469836971,-3.1231237683623183,2.6595910288679594,-5.162905711853331,-3.135180605105643,5.94663088151327,2.8929797288312775,7.1170212208643555,9.17751147893467,-3.9158971651656085,1.0003743659803765,4.463559270771741
2.729532414991697,9.307368241377565,4.031333298704335,-2.2604881422977994,-0.9053752304643639,2.447059610137031,9.58404006693452,-3.4112480512313264,-6.451705719404207,-6.494935717426674,6.467891743319382,5.821634244551284,5.643969153887269,4.816101601908386,-4.8625479871326265,4.816510029558137,-1.7132484388704796,11.00151229720603,-3.5437998072440804,-7.683032445218946,1.4449229079198278,-2.7659259022524028,-3.8369652268555905,-6.653496819033249,-0.05266067521075257,-0.5990678979887423,8.848466330526412,2.274299218853488,11.796508489662969,2.572290729772819,-9.088919975983757,5.88055982293589,12.426139414908985,-1.2151246213657334,-2.367792091307908,7.329776040157195,54.57907553333017,3.9044150335755754,-1.4772422343279514,0.31889951350830303,5.152283781703928,7.991328118075016,1.9512600022574422,12.0311310215539,5.009014990047829,5.167675225838884,-3.6080778965325333,-5.542799673403724,-18.12718969939909,-0.7350018942493979,8.767152401424903,-3.1528580165033473,-0.41060539984137134,15.595808098821557,5.81151113777331,-1.5813760671227777,5.055704613046702,3.2913580768455586,-1.0817643472336838,-8.161236256535997,-4.5829520780035296,12.252459418298367,3.105375465777552,-7.345330577481049,-4.776547039667918,1.1922146933888165,13.34068296114931,9.047612060943392,1.4122124894631158,6.539648537538673,3.678887768280293,4.084439981249236,11.536700072705603,-5.59847544599117,-14.824709311747371,1.3120838365931364,-3.3672798814014664,15.17982650336809,3.5540573211125857,-1.4116936334587935,-8.888389914534754,4.039044654940643,2.530001644970916,-7.441016048540244,-10.555656998270935,11.699449815751144,-5.309216256793825,-0.7825735625726755,15.164170003257079,-4.179435078393161,4.901098725978528,-1.9306889442601447,-4.217712281757257,4.9852932720686525,0.4216955261868729,9.77747760533109,7.440035089299927,-4.800589337227164,5.966083505257753,3.90597388617088
4.722685079013925,9.774217075114757,-0.2471593754484196,2.951769156275554,1.4070892141878448,1.5242641196922513,8.028226018578923,-4.766185558867764,-7.313794899234141,-2.8295128940089396,8.486251009941537,1.447028763479921,4.095752572603731,5.067080139730603,-1.6936983112672603,9.458828308428814,-7.316449075400052,5.929759398403072,-2.4660585124214442,-7.302340191689084,1.090104850592499,-2.479882199271481,-3.821521447921659,-5.7079812022431184,-3.1312767276425326,0.09311290056699661,7.307535141843394,5.292073656404176,11.876044196164774,3.2759563994492282,-4.756819343636266,9.07808305051885,15.640933932322636,1.808976227028059,-2.6126355364829026,7.510095553863255,50.33934368410313,7.185315171583998,-2.883532700321972,-3.210308795095261,7.544320996923717,11.068669756324335,6.516913540620077,15.400957861892659,11.45562938461789,4.978811707842768,-1.3978675685134123,-5.547668786923531,-15.834063334539284,0.877461271532723,11.737708365614406,-3.8329012888210743,2.1806292617282126,15.476836907317226,9.173739429458509,-1.997825285906424,1.8117927561514215,4.4673582760781425,0.8287500986065095,-8.07158558655088,-3.668548478968863,11.530416383429813,8.576116821779939,-8.284319587609021,-3.186614344890525,2.9226895102706094,13.40444523729661,10.752917139371286,2.2564005546683608,3.6016652340866084,3.0529815537962395,1.7995639670294337,9.677231859780358,-2.841804124378814,-13.64216526709826,-0.6427159321218194,-3.7564275814549726,11.336241868991884,4.642778700105353,-0.28128037464669575,-2.502944938097964,3.8422935455416596,4.930090725269286,-8.012370139587869,-12.68930114838652,9.540318092036634,-2.9959164879206637,0.021498790541850762,17.263126442445483,-4.266537000185927,5.841274747451832,3.499575268096857,-5.169474806677706,4.915402681568779,-1.549357811696713,10.506293193367311,6.564548138528548,-5.857382702311553,11.687844308435757,2.343221640806902
4.477226938486085,9.177673447941334,-5.868228635747317,7.1026628505258,2.322097810531527,1.1011266233075543,4.051100201175291,-6.847256226560458,-6.114383924012615,2.4416777369969074,8.079372524711403,-4.994019481423958,2.2957830962212817,2.7358291883956474,2.1096164929571244,12.670512197285156,-8.45265070367639,0.8811410583585904,-1.7329671008250158,-6.398925845678835,0.6303347574483384,-2.6720578994028465,-2.423749835111003,-5.834560089916047,-5.106629623185533,1.578215971551944,5.532434949864284,7.151233628462762,8.688039473421789,3.1639690504703033,1.7360097614280363,11.905140794698083,17.358629355707055,2.845359762582457,-4.630170348190038,6.920269308899,41.32413541165633,9.283017694615776,-4.959369976131428,-5.910200523396991,9.46139265635942,13.643719089323458,8.81184751077739,16.297835980113536,17.519735755405343,4.122111989886234,-0.8294666657431091,-6.5806470495298095,-12.668111176830012,1.6023040747446697,14.192490078229294,-2.665686150756354,4.329196691995538,13.712915224932221,12.099732207101761,-0.725690841464413,-0.5305528651114133,2.2600985780568905,2.1373233767873043,-5.719841819876693,-2.535553932736081,8.464671661523548,11.240261165177783,-7.864647530183186,-0.5572749714841064,2.1525508652218472,13.361994727109243,10.671856843104395,3.4642499055730895,-0.7882654721334177,2.293124443185317,0.41210635422674247,6.575425243437519,0.2602711711085408,-12.012805833253495,-2.8716276229408066,-3.644859598561911,8.99960754094323,4.752965657140164,0.3058193779560481,2.754412474579402,3.5501799919597894,7.417309961046642,-6.4298682446198505,-10.970050208673676,5.329919657649319,-2.3635547532270555,1.1549471068261359,16.288762106883603,-3.3555887640344215,6.739942905724035,8.958875889296687,-5.744738682909939,5.698911819357212,-1.8842345465392056,9.470838573914943,7.5298644187240305,-8.086243292458722,15.485562860704066,1.0847770999214728
2.868975295918683,7.872740944883046,-11.015374979036356,8.810750937977998,2.551491198931827,2.1592682003327743,-0.2537400509535743,-8.434771832746035,-2.86823060783736,7.726290627384033,5.854697810046289,-10.496843157000024,0.05575151037628956,0.016338756154374523,3.7671314976783656,12.259641631744806,-5.393883511348704,-1.8327570759810143,-1.460517354297663,-5.8947032624402445,0.5257441982297264,-2.580108426451831,-1.0276698746949422,-5.046922292076657,-5.492435492048944,4.054139827986295,4.472850754671981,6.190875578972274,2.433058407454114,4.071665043664999,7.272909282186058,13.55071200953993,18.291619774137764,2.3256371782150476,-8.909417403490536,5.14741743746033,29.85732166117228,9.20237020252613,-6.602940013792678,-6.164984463482701,9.970086715639464,13.788967859235946,7.995581187796198,13.83140428244955,21.74741067608059,3.189003714031381,-2.152978766109314,-7.860853045322339,-8.340651694651083,1.8754089882177225,15.176444990079403,-1.7964984853061527,5.815387091549845,9.460631188710643,13.89445693669258,1.35346114966349,-1.0404780452879092,-1.840148390042029,3.583070041935228,-1.047228417562963,-0.4141664541350698,4.728431214798463,10.250415083572836,-6.5058573970909634,2.074702461616138,-0.825115391419263,12.50902293123689,8.389860975227773,3.3730555480205524,-5.391973344326013,1.7773367069337844,1.437151319094173,5.679796701200808,2.688680250735635,-9.028000198777587,-3.5422545946237918,-2.6988625902454553,9.246921317335007,5.691992522562987,1.2238949120201195,5.7643665260909875,2.7381977927308965,9.592888572136983,-2.9725476127727752,-7.386355801650745,0.7785579547575749,-3.510762405393778,2.002380719776764,12.821481756739692,-2.3492212434268573,8.425288538567546,12.400101229183608,-5.729131599890119,5.881518810139857,-0.5844144585791098,7.505060833667374,9.286342471752981,-11.227271409431626,16.320552787093355,0.8003590006363761
1.2964748543489304,5.8163992766732315,-13.510085017957596,7.974623069781933,2.8096613405562163,3.588348783547593,-3.531956134234292,-8.569868545042572,0.8675098116209672,11.123311436931143,3.4113706839345186,-12.698590985396041,-2.034323154318724,-0.4370522584884928,1.8771724360691235,8.15037995492284,-0.24522401598487042,-1.9855600523963703,-1.1795098922350995,-6.5669265510348405,0.41843089960948165,-1.3080969942040113,-0.4188854208190001,-1.5952264771232278,-4.58860032035831,6.752822836654092,5.016666179707341,2.4561685332971757,-5.165232028469939,6.654094445449211,8.569766796315388,13.230970117440119,19.13883240133283,1.6278782854127911,-13.624968232109946,2.3199196447389028,19.61577351166437,7.673173118190293,-6.580279573717847,-3.6657333505208656,9.075595023321483,10.87564310162491,4.640862724533134,8.419473579687823,23.257810237698028,2.7869985145138267,-4.221014589168629,-8.636067180393383,-3.1663630197390624,2.9078504581546127,13.90266116951651,-2.8616591240718403,6.714861247730487,3.5455600416949364,13.56347718304505,2.852781408639278,-0.292264026249363,-5.0345896125047265,4.840763461176254,4.067821034890421,2.634060618915113,2.113529039858992,7.272204638631392,-4.813357633126171,3.9512218986084755,-4.312721983189247,9.997623430805245,4.714971254814515,1.238971404086279,-8.666773787104539,2.2848107509988536,5.12101752470769,8.63067273227435,3.833290745024102,-4.253398072802584,-2.557632658127605,-1.5258912691443411,11.226033224607619,8.358478557007583,2.794686712961322,6.266797516163416,1.3379969069948083,10.78777999412256,1.0630013915053849,-5.6839155814208056,-2.0533135961787776,-5.040315918659164,1.9752809020622721,9.318024397354696,-2.4711939401299774,10.104359362240153,13.435419117129294,-5.528604760122013,3.8400858155472832,1.5746906216766492,5.738337117868779,9.37078895417309,-13.874741025499556,14.60555450150637,0.771862195607067
0.37486788596530984,2.545292844403625,-12.129445498699036,5.265559688750206,3.265332230566829,3.6174182281776934,-5.99003920779658,-7.255269948709387,3.438280213116408,11.709432044948535,1.7713738455740253,-11.236540496821934,-2.8989930899182443,1.8562503602652773,-2.238835943408073,3.2622379174650202,3.6039033199885178,-1.3302287197633103,-0.16207271029871567,-7.854690376784223,-0.2824284626847885,1.2163549312081567,-0.19700612706248743,4.17827594869442,-3.443866379143674,8.424647074102497,7.609925895566978,-2.1260435520540693,-11.427951694346277,9.42511788277833,5.1980729709125715,10.886538967035206,20.311681287711913,1.7056467149488728,-15.612287893496873,-0.7613523841606682,12.803372136749077,6.7588817092222895,-4.258908832924272,0.7992012061409848,7.715208772213252,6.399020724224643,0.2963681952455521,1.8099756299930072,22.555170148460462,3.246662715384285,-5.078727468663056,-8.222523469848289,2.0919340207012294,4.919443527184843,10.3660924547365,-5.328859875675681,7.293547867471319,-1.7932446418962265,11.236691294187713,3.158065899556007,-0.26347629731351496,-5.44540703897366,5.12624645146312,7.538037702417446,6.082242061063523,1.2724105277974802,4.6971089658314575,-3.286001225991918,4.47732207921652,-6.802655667440577,6.072158608889103,1.3132179476688286,-1.961303604923276,-9.733112873175951,4.333426021834536,10.054174390736865,14.16742973739564,3.800804281287282,1.382891884972337,-1.3423059241900162,-0.9074039280767936,13.673414689019607,11.661646340149185,4.208529256513184,4.775653549906897,0.18438206311877803,10.870880465596464,3.6826310384017638,-7.934416966611332,-1.9126315123187938,-5.135000099649623,1.2266247129633272,8.147037120513664,-3.9063094746197433,10.202220139877973,13.41653623799344,-5.528786490405047,-0.4630555753891539,3.4709602178884933,5.138964306368075,6.127724752691822,-14.49133257303899,11.368406176819857,-0.41376145274186227
-0.2187278534673439,-1.7898033585426942,-7.448886849255421,1.750170501542391,3.1713424092059914,1.9238726516429787,-8.18111552722213,-5.1740346756285565,4.245600005984279,9.908168016680733,0.941205301499765,-7.4531781531835914,-1.7229096172692522,5.065941177729528,-5.706925692605476,1.5647600334007001,3.5838044054100733,-1.9663291102771279,1.7646664147273277,-8.26178571666685,-1.8217016635924375,3.9610292043903854,0.44754165497061377,10.166259613580461,-3.4728529725732047,8.370579474448052,11.472059022026162,-5.280484438152954,-14.147701489282923,10.512852745096978,-0.13006125251221667,7.4274356439378115,21.611089574967213,2.5612797991971115,-12.794250744363001,-2.8354502254792635,8.973543708991297,7.665551718252688,-0.4364441720027723,5.557904536266219,6.880602849014148,2.675449277718121,-3.2734565472224486,-3.7261156478084425,20.81645841335915,4.220046988232267,-3.458869086078539,-6.435589209861331,6.710224719372006,6.343439455891812,5.437829083988481,-6.996552860069279,7.819583731490204,-4.316328674922172,8.26827838973961,2.823448726123067,-2.9846021649187904,-3.0698155786392745,4.336977225700613,9.014790111860737,9.289307885827109,1.517352641243,3.4110823154729655,-2.5471687895494,3.081122990592431,-7.229904529970165,2.0928246216647213,-0.3695494601483533,-4.379852613781167,-8.784417440625386,7.065369272831975,14.097935506250789,19.361724897153245,3.370244717091128,6.1162519184526225,-1.2780121498378012,-0.6491253197141639,15.637254725268228,13.667033175330747,4.3282012460007255,2.190158319662762,0.317268954184592,10.54630547327745,3.5212561463474614,-13.038403003976407,0.7988618759403954,-3.33315969514468,0.42905234117108126,9.408015485649859,-5.484487153235922,8.430120879522926,13.962940413892488,-5.759792376684895,-5.094486046115591,4.291534353222566,5.958893182909358,0.3880662338093468,-12.725712728003584,8.085252328998596,-3.3617512738274593
-1.004983405277343,-5.90049689777516,-1.2656496519909899,-1.2475791476400193,1.5633956259002475,-0.5694367959830282,-9.32916972489554,-3.050190311654946,3.373920598292351,6.593653232012314,0.24885224335831047,-3.210056957803566,1.4093716016448643,6.987960232695717,-6.344486183181564,4.382623497063943,-0.1781266902247885,-4.351170847518628,4.108123540925345,-6.914034981932162,-3.9611827106570003,5.81716257607449,1.6826541977966425,14.254614813922272,-5.391123529286484,6.770572991509783,14.752764002771432,-6.318958325224361,-12.930854023450745,9.462042494336902,-3.8516207646622704,4.208578089543856,21.85823852572492,3.690834594866539,-5.295501580674539,-2.963829972853275,6.214953945052184,9.150487226746536,2.6757341481964305,8.351471793976213,6.587791172764161,0.8361322425523992,-4.803889778081784,-6.429307140686682,18.610160846385167,4.341562400222747,0.1450744796884753,-4.0402544436920875,10.177422314846726,5.324348103864114,0.7525040422124496,-5.998349594208351,8.288634998501175,-3.481207527130147,6.295383294399792,2.862527974012151,-8.56757474979567,0.5829836659100971,2.9992281991170815,9.816406805896927,11.43629675486605,1.4559015349980462,2.8468632581044058,-2.857606942483769,-0.19441325041416913,-4.984551652423187,-0.30359991196881375,-0.3441781373656525,-5.022897383307965,-6.563056434919435,8.400522616421492,15.832580792040384,21.942699966979895,3.3014340180354425,8.292645035779639,-2.3252412533954447,0.03170260033654149,16.112614589745423,13.47496348030115,2.778969103027979,-0.8629609355717245,1.5340416860159083,10.473613502417141,1.6338732829984268,-17.858296327811313,4.201963380438355,-0.8925522125556606,0.2613389205549366,10.9489493373993,-6.020241299100702,6.440697107017861,15.281050185181737,-6.394782765904967,-7.83634394978926,4.550681109511126,7.366097608640041,-5.462323646179261,-9.798109438679134,6.292351338610144,-7.008372578085767
-1.9232592342684598,-8.07696207569186,4.727932175034319,-2.6033064449015084,-1.4562350547539245,-3.2348223929973545,-7.784869065054494,-1.3419054315265702,0.9297486405022315,2.5166882148829997,-0.799909709811111,-0.11869094714920969,5.177965566567698,6.675325459433974,-3.958088603052074,9.088214041078036,-5.430889351383133,-7.2675802308395046,5.928577075686198,-3.8905589316245894,-5.864180538517078,6.43265789519109,2.849772551989361,15.905705479238847,-8.506971504802511,4.127905995408049,15.935865473122567,-6.8089369264222235,-9.336199675187748,6.977913033526187,-4.338934134431783,2.17319180339005,19.747617513042414,4.715850192926675,5.0090144125253016,-1.3414994363663615,3.19157659021327,8.705277619787797,3.2411509401605136,7.280537640379819,5.776865360520025,0.4360887623240488,-4.297605160283215,-5.8754631756718965,15.91003416338724,2.03613346611934,3.825980017664829,-2.052156656012281,12.295178926058451,1.7950417744351508,-1.7209202566589443,-2.1759189318129004,8.305788557330857,-0.9200361044816967,6.497865905079145,3.402035963349987,-14.204932242406624,3.5380855352865517,1.6405050291966008,10.726546793637448,11.971946943255015,0.13579392614141128,2.2453876789289557,-3.85098128776971,-4.057280142516816,-0.7394437556818887,-0.1460000675315858,-0.08621029763091892,-4.539531328159844,-3.841768747855638,6.9167925524325895,14.828585628806634,21.62712654039516,3.6740410774920074,7.323528061247602,-3.1593095199398076,1.2099257054823527,14.094146588696272,11.746285237179842,0.38736681325101374,-4.050529870020919,2.082024428168662,10.192964008432698,1.267960523024076,-19.575804684723437,6.274730673451771,0.7091908146817836,0.9224701780163908,10.57027089236388,-5.588388375763248,6.031318235465011,16.13499713546903,-7.679980274440419,-8.165448340700424,5.8560144886031305,7.8535598380719955,-9.563794836990366,-7.372062611222213,6.359239867385919,-9.44268481659678
-2.266311447326425,-7.383907328672132,9.753590940428158,-1.803251999861788,-4.596515143304763,-6.231689591319268,-3.5270902041562477,-0.11777489770853666,-2.8586703264074864,-1.5438248758841375,-1.8509195959823448,0.5719239252075492,7.697022864281266,4.957573741190994,-0.22657028188432538,11.50603007366628,-9.656687057559784,-9.469228954017119,5.841566070508464,0.4722297452797637,-6.200302830652251,5.790131124187771,3.1821479579787395,16.481039095713417,-11.604707827433964,1.0589596178208134,15.088164530889289,-9.073868533892687,-5.719337293127621,4.061088576905359,-2.9305327063788047,1.1357317833632308,15.07999515062916,5.699909083426308,15.25158340367442,0.758430737231135,0.1240895793912351,5.242606647238231,1.7933779099371825,2.0715078396474613,3.4248911880017654,0.6566597106241434,-2.9997729054985496,-3.378654374592127,12.640878220718783,-3.1688517776312235,5.6521519024061835,-0.9245933227471224,13.007119985137546,-2.296880573229052,-0.9257224683890914,3.272492790196421,7.421090760903251,1.1961173532443716,8.884903258631489,3.2114056240014976,-16.08388735988299,4.661607037115294,0.5860357818345958,10.838272293193121,10.932207321612205,-1.94756737543167,1.0709354061622052,-5.052486747845716,-6.318764164829516,3.615452171309289,2.37924000291144,-1.0912555915098698,-4.404162384545271,-1.1954146509304215,3.611159193128362,11.333518438760311,19.701941395120542,4.031192026841794,4.7717809667312885,-2.526737618261901,2.115830165413843,9.20888587725032,9.816021468138876,-1.7325948572725427,-6.795055606223401,0.32359843807148725,8.501934910740744,4.805179453836831,-17.919606436659738,6.305677293881618,1.0672203132270626,1.8332337436552923,7.813511489071297,-5.138117712989852,7.0438289357473485,15.572558802589375,-9.349340614312993,-7.355784973435237,9.086762967009689,6.392097494303726,-11.558233156843544,-6.066417425870042,6.955628478037699,-9.49101496719084
-1.332138554594733,-4.431955183958991,13.491250361808097,0.6944128750728895,-6.529158488636544,-9.598090352530749,0.9468237730164677,1.125091793348509,-7.1381089662847765,-4.817099749282996,-1.9824421786069877,-1.428658592706277,7.911743553897485,3.5072109867150942,2.4284336077609603,9.539743896575056,-11.436372554424137,-10.73389623494507,2.735472701407984,5.4274484620057395,-4.038036666437853,3.9639492890440033,2.510755550352105,17.603741117516257,-13.901863896732399,-1.6868590665331338,13.171693251534352,-13.60950485962055,-3.719103699021737,1.8895290813119152,-2.178750261964065,0.045241868000224006,8.696816982065375,6.87371231912315,22.261476229325993,2.0227022430374504,-2.26183762471889,0.14364846310238066,0.7472164769870622,-5.492920513311713,-0.26805667049380233,1.129504195210646,-2.1324970578916114,-1.2924926786259723,9.099126565311918,-10.11163648724634,5.139831915982011,-0.9275347584551443,12.275432342725942,-4.755197478846877,2.1930131318877986,8.67888682002035,5.71655700205439,1.9839896942971498,11.692134459923933,1.0072438285991872,-13.157960988720204,4.020378074682664,-0.16710824870984076,9.266071018191816,8.395400416622794,-3.2988037901282543,-0.4118526968826033,-6.063059277916846,-5.5449014415191105,6.4781029517347575,6.181025529879117,-3.4831260180014416,-5.659656492335967,1.0418993080354833,1.1724398106554812,6.233422342422835,17.623945788857036,3.770483516550917,3.508463095497069,-0.4152685088446897,2.1637800484798433,2.1905928347337253,8.532029448109519,-3.284508165982667,-8.146148231271603,-3.4805287348467964,4.891429524649023,10.92761183570883,-15.680937776509372,5.134446406336977,0.9554291283669798,2.090077272889081,3.8838861279109915,-5.011677589125629,7.69354074773455,14.272262384386186,-10.672289256521633,-6.9099613521392635,13.018894282564359,3.3099661458009955,-12.163912097148142,-5.209409482221907,6.167219440471198,-7.525753022919039
0.8020219557093604,-1.182011527426075,15.181417965124202,3.426014488883359,-7.10480428549358,-12.387422021825895,2.7404082014939863,3.21480413370272,-10.056857920681036,-6.719101382087277,-0.6207368387065484,-4.807313088092691,6.3928874235866076,2.9351864232615514,2.589561881544433,4.844103257938852,-10.970173112271597,-11.835223634338908,-2.618162192191879,9.493594629894119,0.3480864628788374,1.46673648446952,1.2733175811327633,19.137079422760262,-14.86010689983281,-3.4174482816610428,10.44947448555252,-18.462846593400155,-3.4330664587314086,1.373795625624601,-3.47470717692187,-1.8364264485515376,2.0961330247430934,7.928820732736753,23.68380130307353,1.867796570491699,-4.119164024621369,-4.217986488034029,1.7972140494133368,-12.308149347520315,-3.900906714867518,2.0208697685730317,-1.8509056329237659,-1.5191882846943692,5.934270552109073,-16.232042596846405,3.516187855206928,-2.424844160979714,10.685343089955193,-4.7298576651685496,5.091142347210486,12.311169590616649,3.8179062330313043,1.9022624653309443,12.419364041181968,-2.878508442179899,-8.586697305929098,2.27569761939933,-1.152175560838856,6.609112317215639,4.533138046611277,-3.184045920813201,-0.8627498047038304,-6.372769515857916,-2.6319951549754714,7.364993425688207,9.608527056920686,-6.093244245848337,-8.075279148822858,2.3884562842526265,1.457699539646875,0.8586623420719075,15.910249115187515,2.356850948379637,4.988062122815241,1.8571261766851692,1.4748515561307702,-4.93777526782074,7.651158631338438,-4.270809893046306,-7.443443286863826,-7.359855877677297,0.19111457907503482,15.326082536120301,-16.545594134860625,4.179842544977772,1.3967894564942969,1.3053359724392732,0.7073773652671465,-4.677613523527627,6.729864903205353,13.567389307954196,-11.022618406589793,-7.117950280859637,14.917460521605594,-0.04018790748636558,-12.010506399240565,-3.714055139180696,3.078532364912057,-5.0498306547817435
3.222120022879987,0.2711789893839176,13.72698959943438,4.785057172243889,-7.147167408386572,-13.18540905815032,0.8428702082473645,6.48113998285705,-9.683204802933984,-6.954812680613328,1.789278124808614,-7.734324911290624,4.888659340646135,2.4688306727990725,1.051375987349719,1.0038052731682598,-9.314377400569402,-13.522125077856563,-7.299440072936136,11.19082163733341,5.666095211851285,-0.9282445566001674,-0.16061717575142131,19.683884875943022,-14.064997096908108,-3.6959645367280856,6.183452752953446,-20.96566943796618,-4.01953831065962,2.2244879771289563,-6.248017964562106,-4.177216541654621,-2.6952051575909595,7.866028123800347,19.21171439952771,0.6410194653160715,-6.286495764855864,-6.32633881008601,4.294151164201061,-15.688277851104377,-5.720728946415665,3.7407445274918603,-1.538463539101516,-4.451873409577,3.216912208106815,-18.601597300988615,2.3408669426817097,-5.227376116800959,9.74162350708026,-2.9037475340472585,5.262265800063242,13.009490392587178,2.1947295312044446,1.8923641360213144,10.043117633361021,-6.5127265074292655,-6.823778967771268,0.2162400336666669,-2.7145949232443902,4.389745457297744,0.4396080394046886,-2.4724983851545375,0.8108093369757559,-5.842493388699754,-0.19246300606451316,6.3746577801804545,10.887235940159954,-7.610830861210935,-10.005005944134188,1.963353747217234,3.8874247872728223,-3.3526750860635826,14.033340033925153,-0.34835042919269443,8.097913568378207,2.6616371677880943,0.34427215217841156,-9.4397760788613,6.356564687526973,-4.041337528202267,-4.907878486467015,-9.41193613451002,-4.157965140039243,14.454462298981186,-22.100999941729526,4.162975664631743,2.2742667817389783,-0.1162961108955336,-0.3308133328188907,-3.7657629451639814,4.46149764376549,13.347277743029283,-10.206238758832768,-7.376760141458981,12.598174017793609,-2.2772406221897876,-10.735694043576228,-1.1185273765359898,-1.5450088491938017,-3.404870990637522
4.870960721982167,-0.7966985912987027,8.960480653836285,4.2743081614078555,-6.926362536948298,-11.214259960793466,-3.4551679274854243,10.333943066824856,-5.6606399650092385,-5.808432814001733,4.053689055547351,-9.365980380568873,4.74585883600266,1.551017636663603,0.2558031730005518,0.2550960147671564,-6.941710079651314,-15.481924935528614,-8.4630498855072,9.780708949991368,10.161795874752157,-2.5609672562365193,-1.9668423201424865,18.518372482337888,-11.529514466453348,-2.340627800166231,-0.21564671927799672,-19.663040610509608,-4.807400810809282,2.955265272915563,-8.509305575635594,-5.559999331886015,-3.9518274370579,5.683231918186448,10.90154585163573,-0.5462059657700769,-9.437606018063507,-6.080877667235311,5.973596577112702,-15.155181815598766,-4.394047733869099,6.010236145799511,-0.8401692913069472,-8.988875700083444,0.10037331788175408,-16.082626364269565,2.1746549952132903,-8.176549366238547,10.551179664712434,-0.8596691633762923,1.920838942344776,10.79519294486028,0.883551183826397,2.5543409157762147,5.704550374203407,-8.047294713401033,-9.446876936017318,-1.4011697292991263,-4.07730692451135,3.7823801930825267,-2.2039748508102,-2.5796254442242796,4.189076605708134,-5.03813575893724,-0.4546973891169168,3.956293281512547,8.890219673217214,-7.342321937348854,-9.449357953609749,-0.8274714853750438,5.8979295066578,-5.436308111094232,11.018660470165521,-3.5931104706468915,10.4796726997819,1.6387852816835222,-1.0534041034688768,-9.31471166562149,4.1728634550350785,-1.9912968166688318,-1.3330183144965382,-9.181566343735593,-7.207155090053165,8.66802080894089,-30.76063964153337,4.576502835733054,2.0781080027245715,-1.613299090603534,0.35268381575853347,-2.4743613683146766,1.8559936089736557,11.663753605465402,-8.44674450261982,-7.447177773726778,6.209228434201089,-2.5262975855079994,-7.48369066267939,1.8261990377029904,-5.8438390905678865,-2.719368588554025
5.250109378753074,-3.0799952101220827,2.2510950652803134,2.548760622035773,-5.704990925829273,-6.74674924280037,-7.687238761658162,13.697201712910985,0.46593095898165027,-4.106241030838501,4.955445102934384,-9.590901800409213,5.6625474705118855,0.6212822243917633,2.0884286435041637,1.7547880706671832,-3.526912346813635,-16.703227142012704,-5.871863513120205,5.4625483029558595,11.977014704622292,-3.018777322622451,-4.450749000851394,15.993168550149573,-8.020217684769719,0.794025554866318,-7.855596984678783,-15.545698802962466,-5.6493349353574,2.2553144274833405,-8.27939815299814,-4.292135195194268,-1.5673159514460826,1.0662641795018726,1.9915610715138872,-0.7667135167877981,-13.728374291648937,-4.325711610144854,4.989691756640484,-12.465840233552004,0.04312544445646038,7.487396463329685,-0.23149763523621592,-13.260961978790986,-3.8528801358712066,-10.590002429900254,2.534091146677158,-9.643312551979886,12.349911871995971,0.20086036969114018,-3.2851314263887677,6.5993991705654445,-0.19758662462828447,3.583407682735827,1.4243251580746614,-7.168064723222788,-13.863849045532412,-2.0483623062769425,-3.823089138220191,4.688393322453208,-2.55707380879854,-4.0994917250928085,7.611339585480485,-4.50697608132233,-3.9283794551211195,1.0437122794381755,3.6946620076764427,-5.088622798998539,-5.7970045816359805,-5.368874358704378,5.004855881978086,-5.445789168191126,6.368157150863858,-5.650139848084042,10.225731879924759,0.06020424504722355,-2.455173766662448,-4.56108700037732,1.1081625598726617,1.217036014702543,2.492804934709153,-7.592029314360688,-9.047827002542723,1.5978466472565451,-39.16585649168529,4.383459194627376,-0.3931498978544996,-3.1918522110335257,0.790427002278669,-1.398094701395743,-0.2408808076609792,6.902379651901848,-6.091873528694994,-7.750136982313075,-1.7919142400123462,-0.6606899771849051,-2.512461020912741,3.786827256727193,-8.224624626717539,-2.4135405882846217
4.5179060131479485,-4.554971923475006,-4.479490309138694,0.27711737876625087,-3.063784848008729,-0.8868609503218463,-10.075224784237014,15.290669068529146,6.285955677244908,-2.6306493774021664,3.5206823850715834,-8.153805244728105,6.271444243231839,0.1067809710550276,5.994345290419914,2.4141035859172137,0.8927119206212284,-16.391561878620937,-2.1601496918182392,-0.5317044442436138,10.072730932996853,-2.1927235422721587,-7.460659710812337,12.806487067875665,-5.10222914051203,5.56556969091684,-14.252299447752218,-11.659364421027934,-6.837965502219018,0.2658720015842293,-5.318746589014925,-0.41247223975778935,2.6029578898332026,-5.046262782934245,-4.714151767061125,-0.20226907272334715,-18.503457114908898,-2.0422864405634624,1.3635391503536496,-9.704188417632082,5.558204117993932,6.870763993598095,-0.35425855518023575,-15.773182597715335,-7.391653761036999,-5.461092778802733,2.6167372633654327,-8.447107842316075,13.0655737569945,0.5982303579402063,-7.319722094711257,1.775251114506728,-1.110526920050416,3.9751842988197996,-1.379398011410005,-4.842778884878911,-15.732995245054921,-1.8105506709022796,-1.1917320160853535,6.046738072099911,-1.1976712736345156,-6.63308912606486,9.443607108050413,-4.182296941673554,-9.238422225216269,-1.46045608253371,-3.3115759079413385,-1.21831184676632,-0.40448416998071757,-9.971284003914706,0.761334416150776,-4.445937497965115,0.7108283965737723,-4.858240485266663,6.885270871965895,-0.7244532511164219,-3.7996428128855837,2.7147726263478997,-2.5724171154557247,4.012004324122616,5.886681446174952,-5.991124515905683,-10.383243905574686,-3.1159398613567157,-44.74431203734045,3.184429984232671,-4.470977891997922,-5.220497812158614,-0.7816786915828091,-1.153819497227397,-1.2864027643960896,-0.07218265427257808,-3.4040365485057453,-8.615276184558095,-8.457487132299553,2.615515047229225,2.229219555436919,4.257257206513537,-8.407695172782633,-2.100386591861385
3.1832321321604087,-4.515757547014407,-9.38430476212503,-2.303535584928956,0.4830437722112433,4.578743081425883,-10.679237140125071,14.089230803333542,9.633090872827095,-1.804621798849088,-0.4071232535674554,-5.004545721410762,5.805508206696938,-0.23862937968366738,9.157495751768703,-0.0623044243516544,5.696225347708884,-14.334893529015261,-0.3738781203439411,-6.201562661551377,5.398084548413667,-0.22623405811743996,-10.287218758322789,9.569694344734286,-3.934097475631808,10.896655376686583,-16.983455488750423,-10.648900772160216,-8.559159642846105,-1.7533510482502273,-1.2554658204116151,3.47849784309879,6.0562079111218345,-10.417993652958938,-7.820171574813229,0.26747471766865427,-22.128265202979144,0.24153738857959905,-2.9791077926907805,-7.697988129137749,9.21898437269707,4.074612981340686,-0.8878018194700052,-16.015916211161834,-8.326150730439451,-2.9176745505406143,1.8089013463450123,-4.770959325487623,11.351453158913209,1.3957752209415895,-8.053638267963713,-1.9767944683595342,-2.042316526132006,2.550091496199247,-2.5095139676308746,-2.278191018345946,-12.575443309724925,-1.3813094324511181,3.2210010964418494,7.076891267364115,0.5265980855793813,-9.374116466234014,8.885522582319028,-3.6644107107807553,-13.883559774576309,-3.115140164012203,-10.037504642053422,2.8097221816624667,4.465884821166385,-12.935686319132486,-5.101497861006318,-3.82648288970183,-4.65578609851508,-1.5039249002381996,1.9060026160651242,-0.8008726650656033,-5.661937921206249,9.556674628079378,-6.352610428571873,5.437372785713302,8.33558699930385,-5.33505404824759,-11.109071732915117,-4.275046343448573,-47.57222416200252,1.6186629662157999,-8.474332152044477,-7.911962963906817,-4.823678712822751,-1.6267741094026338,-1.3507382021270211,-6.429189243113857,-0.8066586400725151,-9.762542885206937,-12.054657841429599,6.129517515392552,4.523824790279923,3.8948300681418373,-7.284369780560397,-1.7275552359748039
1.6444210628630351,-3.9081969859668835,-10.942096470286995,-4.782339455691902,4.190211570637215,7.735414400843192,-10.67915205539797,10.562908477041042,9.383894143592507,-1.5948286933391378,-5.379154335677724,-1.0650605230330141,4.730888874452629,-0.6941358208358641,8.857100406466285,-4.940496628409863,10.437805914744542,-11.036151333156695,-1.1837084831441778,-9.774915769879051,0.4765291957856941,2.2065989110864273,-12.100509294230973,6.75779293947906,-3.838859442379791,14.968199967221501,-15.510532717641652,-12.55646119823611,-10.413330507020419,-2.627654607636126,1.9040040806040888,4.477066347845989,7.062687060944567,-12.914360566438075,-7.418307736392185,0.11566065148910587,-22.824950502011976,2.4200079866539252,-5.528613641442478,-6.450944094612084,9.216155303233053,0.3822920950309663,-0.6869120635521447,-14.125683315982286,-6.0751735488284595,-2.829120473669455,-0.2744928427393898,-0.529649305819111,7.8486239120597165,2.5412411721073607,-5.756449457602464,-3.0982096193164548,-3.3733930589897767,-1.307440324517053,-2.7961747205025076,-0.5730128607849856,-5.812280832230943,-1.4413056483602433,7.880432079306342,7.894893517397897,1.3399306736491226,-11.571271461762231,5.964375986131927,-2.548792300478004,-15.841636020092118,-3.602342062663137,-14.929210042595098,5.007240046584453,7.08290539193303,-13.345312289089883,-10.183152331034078,-4.384012584826268,-8.782156264649498,2.0247958231221337,-2.1098618693919717,-1.0366158941933452,-8.541590254796604,13.978398407458823,-9.688644560149035,5.742235056177993,9.63108210641611,-5.582022675465364,-9.926261114324834,-3.4246424225552636,-50.175737340348306,0.47555131409859097,-11.41655862541877,-10.872877843915385,-10.463577612953046,-1.9490903480387745,-0.9419913565555897,-9.740612599099286,0.8497174016795528,-10.5877037613876,-12.36623082107944,8.768161997851687,3.7537249746088905,3.382272362230962,-5.8353159400088614,-1.4154330590655055
-0.2587360422898367,-3.96574260243639,-9.047359463652214,-6.246599870427087,7.325567444878695,7.787592283672113,-10.848756509565249,6.8779411507284784,5.871283667746681,-1.4846545978533805,-9.50395169778215,2.027701265777292,3.620225919146858,-1.1911589211198088,4.7457917227202895,-9.846871725360959,14.705224394057375,-7.6064949792564605,-2.8313541755934466,-10.568653034795473,-2.444932207114206,3.6914587347263215,-12.343560593602168,4.7629318640301594,-2.9231487500760776,16.307581458548462,-11.399517929833461,-15.077386993746188,-11.620487400970104,-2.082124057835695,3.1617941554756412,2.011319012138862,5.066889799661643,-11.932469229700153,-4.5026571096280055,-0.5193072380585524,-20.028926042820743,4.38137709495149,-5.100297996358753,-6.172349481592866,6.051639351027935,-2.229293681307954,0.716559359429056,-10.565530978660764,-2.9366604132721514,-3.124693767519031,-3.328137684747474,1.8343672679265648,4.364921163848704,2.461227552976289,-2.5486130755784124,-1.2966896017859257,-5.317487014580111,-6.641180957321943,-3.36718945665715,-0.45557229986692116,0.32509776043347216,-1.9292904894263092,11.261310104051416,8.934692267729528,0.647609440808317,-12.740371591620866,1.5616529255252711,-0.5984282890469332,-14.881578123755055,-2.703439054963327,-17.541524574351484,4.83077678896985,7.141922741377884,-11.375421972738987,-12.976825684822439,-5.946786538622003,-11.27802772398675,3.389185137068737,-3.058984595601436,-1.563276834008963,-11.855407279687963,15.582284811913642,-12.40041512724747,5.521147162575123,9.622616637369582,-5.62179158870725,-6.387829382372111,-3.332785912584211,-55.093307623034704,-0.2684535895958875,-13.088599544715661,-12.798557137228496,-15.924011779292329,-1.3311414684573912,-0.46339255008189717,-9.501933398614957,0.8663898778060171,-10.61523386656193,-10.141594570434254,9.784875285013694,1.3897626841024497,2.5210550797395435,-4.748519989593419,-1.2768164081832163
-2.9891959728848017,-4.796802572303374,-5.367491192005612,-5.683597573508351,9.115232200953004,5.721153884780279,-11.006328469607261,5.3533960359152335,0.6163978923376305,-0.8145882409772278,-12.228677833862557,2.9801535300418225,2.1738550936455985,-1.7539376082748808,-1.0869210935323976,-13.604345744608382,17.705570122415434,-5.079789868673869,-3.293446119779796,-9.194760286380035,-2.5385341167379565,3.0866208797819397,-10.450454017050419,3.620682920442091,-0.05215192262734236,14.845160857126212,-6.8745541936644,-15.502509754084901,-11.485576298181428,-0.8243726882474547,3.1980699753386803,-1.9364277603996505,0.7102167233113228,-8.28748909955145,-0.23243158509225328,-1.316743936198986,-14.82409478571529,5.633427945287195,-2.5102799668981923,-7.06330892388465,2.0762181603532732,-2.3504240165634154,2.5068230217245238,-6.172620333139511,-1.5595726236543999,-1.2707726533352064,-5.916601836072306,1.5534770337307569,2.022199935877781,-0.5465553862180594,-0.7091523617782733,2.045416333809192,-7.427342908605409,-11.074306870572514,-4.64074410737458,-1.7630308708616331,2.4163822310451852,-2.21920833474173,12.512080827924684,10.037996024304817,-1.119463709617519,-12.738697071936137,-2.640192660358676,1.8875861425930927,-12.350374566072855,-0.8106105582957581,-18.30964224155305,3.912544274600892,5.653763332953806,-8.336354673904943,-13.29733549160171,-7.351350818182056,-11.968981301365186,1.8692821715406074,-0.4591232578961706,-1.7634565396192423,-13.965522497294451,14.842322499750626,-14.41154750633998,5.016729188580969,8.070218160217708,-4.498907814972876,-2.3640662086266344,-5.60815689233795,-61.949995661120965,-1.0360041831775728,-13.314797870096145,-12.422521789089942,-19.355237729153295,0.4679064923756253,-0.007963214098738458,-6.687745433274708,-0.26615797638678007,-9.585265628056916,-6.7885072936591815,9.053568004119194,-0.4206880779123987,0.6544018125961595,-4.630253638142521,-1.4392932214923788
-6.387049471624515,-5.338725392078016,-2.085654479614572,-2.741172301573452,9.278425291632658,3.7060842254638193,-10.487716100162178,6.625085027698143,-4.464818111335755,0.5900445866344668,-14.194900485258346,1.8422539418049344,-0.15797991681281953,-2.68203277898003,-5.663175063329715,-16.600733835663085,18.789664914515765,-3.8501272599757397,-1.8038553941045061,-7.078169586341373,-0.2615585551201034,0.7172691871508413,-5.973114358645031,2.9383114648499133,4.251382661040087,11.821959477746006,-2.9158012435087515,-12.67012320722186,-9.793438463112842,0.09921226230734703,3.9288624507022565,-4.527491193528432,-4.438906144368992,-3.3321148149169666,4.4156598429653995,-2.2136623976708414,-9.407830686235453,5.615384401325299,0.3884245918096103,-8.443753706658335,-0.669885206919727,-0.12459158062433229,3.696962265656868,-2.0267244220659077,-1.872512725735374,3.9770637070411956,-6.356018927714915,0.10006302686075497,0.6143633705604348,-6.595685323607836,-1.3691665427461301,4.8114709395613895,-8.768495340051055,-12.65763965774844,-5.6975129829145645,-3.618609466511481,0.5940309159252384,-2.0625117047426595,11.722409593096666,10.631233222974165,-2.800259974415305,-11.741888529082527,-5.007404443381447,4.172626758948532,-9.727777280423219,1.1536999282910139,-18.004413040613272,4.184813173752397,4.029355854991101,-5.945742959805669,-11.903174071915366,-7.043618083962411,-10.85168035126712,-1.6860776571305656,4.3591334578136,-0.8815249621782975,-13.127300842927891,12.555583101076492,-15.196919847728022,4.520140692702386,5.160862863794815,-2.381001610227925,-0.15009078858995872,-9.518646613302726,-66.34123338676073,-1.7546749499238115,-11.774382231919354,-10.021040957804367,-19.76176489164014,2.825664692022972,0.5776324307495019,-2.6489047358281415,-0.728935428491313,-7.475904793051222,-3.9781623936333808,7.239362049409685,-0.739407416419523,-2.302168032735521,-5.36101477046157,-1.9327007322913685
-9.189128590267698,-4.804175066415636,-0.6140736160003635,1.7619841198913577,8.437286745823076,3.7084555828469234,-8.876876241358396,9.18448613044692,-7.8174567082247215,2.2029729056464173,-15.966822381859744,-0.1631697598470958,-3.2074340395403436,-3.9261412493081975,-6.764935866631017,-19.002627916022153,18.06374130523087,-3.762963445747043,1.0100322659242345,-5.177388775918405,3.097957130666335,-2.120230935783639,0.4281620788810381,2.5129155299121675,8.4793576749738,8.562728030877842,1.1290487051609026,-7.611001108424047,-6.804115596561992,0.10255601901824485,6.60062984999324,-3.9516713943184008,-8.166164990974893,1.8158734672669583,8.476136033836958,-3.084263826549325,-6.046501478482074,4.402179523403478,1.8825890771834795,-8.693292420348088,-2.409199016759806,2.961905627470577,4.033946860662324,0.9357455539454014,-1.9870739863662101,11.08829573018579,-4.368487542753304,-0.2672205784249395,-0.4321529993371973,-13.60410138875282,-3.8671021595400994,5.308515552532305,-8.664565588005043,-11.420258151595268,-4.80441595967543,-5.120293575686735,-2.027117489243132,-1.8506373470908284,9.72831099998979,10.41962544673663,-3.247627789843935,-9.86883971668331,-5.015206697878613,5.827143901452985,-7.28183501539074,2.4647631473213907,-16.81047103607007,5.919743230853209,3.184411721224082,-5.080054094337239,-10.038390602909256,-4.38454522238078,-8.155960523702836,-5.481517624505149,9.076106078066633,1.7585902364060848,-8.907554030911752,9.56153698271743,-13.951293057709007,4.622340065948917,2.1161190687196223,0.11075452009022069,0.07118744684937461,-12.667946565917159,-61.271645611653184,-2.0331560839169756,-8.454815258081638,-7.447826373469978,-17.311275464115486,4.239211440774771,1.3225002635236316,1.5177305771014151,1.305614321942123,-4.665725134285118,-2.7262557208047933,5.332457269777841,0.07194411854665761,-5.569551210742877,-5.744188358559674,-2.1843480080064035
-9.646659694552278,-3.8729687563600828,-0.8684353069126964,6.210267804065253,7.576319935230901,6.265697184914214,-6.473895482750496,10.749070601135728,-8.545992702003304,3.471322059922746,-17.211738255844548,-1.7065642745846037,-6.198505068760014,-4.432553146593566,-4.398829817440801,-20.115872058045696,15.80545477159236,-4.286884374738377,3.8444818321205263,-2.987315752189616,5.898254222444025,-4.394004434126609,6.591424023129539,2.6336027753060343,11.14897943736701,5.703194276438245,6.145382062615299,-2.5236759803231914,-3.059353652631551,-0.5628212557492267,10.026963033888018,-0.41552508862735604,-8.434073901840094,6.460470963166063,10.716256091240249,-3.204443082467108,-5.436404247073852,2.9266957760346437,1.3121250225517844,-6.5426250574256795,-4.670394693540827,5.171818555980928,3.797840954780703,2.3056649817443575,-1.1746268807030644,16.164325454856566,-1.6845163991083063,2.0166232278010154,-1.227966810933789,-18.36761042120309,-6.244771904326749,3.0041825163199967,-7.364898808977573,-8.95046383637203,-0.8792198989222784,-5.523530863580951,-2.265741430987054,-2.2317923804308135,7.329265960318377,9.129058604687227,-1.870671047348222,-7.041991956656462,-3.547117555730523,6.897791666551269,-4.377055175865996,2.887253932520574,-14.115048857462753,7.751641598238078,3.319158180101969,-5.067695873006718,-8.90247717246687,-0.4189112444970078,-4.496993725205142,-7.7286787653092075,12.218199006049998,6.1528751609096455,-2.870765570690598,6.600955656616736,-10.639577422847506,5.669505515865137,0.8962249205011288,2.694411848467012,0.21989461551415818,-12.556393172109056,-41.405423929651825,-1.7950489994385257,-4.207113840740127,-6.55498175111032,-12.985569148777568,3.5806000412783736,1.8007982423269235,4.8707859110988485,5.730364040466258,-1.8951780224510952,-2.693554137126022,3.940587140731612,1.31853100319716,-8.10833508347072,-4.6241762356830955,-1.268174873679944
-6.926818144397422,-3.6579729314257055,-1.421329136605235,9.032469108116597,7.030604251910955,10.110549507059368,-3.9301775633966582,10.022857910571496,-6.652064908463421,4.453443811966246,-16.956757050649813,-1.7618370062639124,-8.400519679952879,-2.9851448083039704,-0.9830860548925572,-19.244193084248025,11.952404233791182,-4.2828947797492685,5.878469650070967,0.8731698137892057,7.015324525324804,-5.626716253148023,9.778081524258432,3.6951632272567623,11.385139614249054,3.4603768159557005,11.752573376253107,0.8690211049381169,0.41020271593104507,-1.449869440058738,11.339272909906539,3.877248841070602,-5.094315267653878,10.02708800788779,10.207398987030498,-1.862215038650711,-5.932071036668859,2.378112707188986,-0.5895927468390361,-2.4340709296450305,-7.8246601530523865,5.675413155663904,3.3854889942275763,2.5894714106730143,-0.4293050059870489,16.20089348384463,-0.9489697144699829,6.788999017073328,-1.607948943880249,-18.427402789237973,-7.16012316660085,-0.9853357364303226,-6.089627426263867,-6.597571314651489,5.312284410585702,-4.41298263972674,0.488358595466595,-3.5348423655748915,4.747755547404705,6.2409893184019545,0.9189652814615599,-3.426754074310769,-2.1221822852230616,7.390176209406018,-0.9748003311591704,2.473965568672021,-9.729050808144068,7.818593346781287,3.952508208866973,-4.467450334803844,-8.819448958060901,2.754754458457888,-1.0818876582702157,-7.825889475003982,13.90786052041349,10.753646240114922,2.241699091723236,4.286244318976269,-6.854603281928798,7.324442722525223,2.911935756183693,5.2389277058926655,2.374901595761099,-8.199998200855433,-8.882480363772665,-1.3396828423122367,-0.5745597057249263,-7.660013679819432,-8.195571526136698,1.5499828159111748,1.6474672132457089,6.583982813916036,10.215689866151704,0.07949135936243046,-2.5971582536352935,3.3655719895208605,2.43000864512368,-9.215155899645358,-2.3154020376454154,1.1041758031970783
-2.118242440774729,-3.8653753033186593,-0.9861860502892368,9.534588593180974,6.4181826868739655,12.943537899973158,-1.379533264608618,7.30097482619772,-3.058817985835285,5.531992065594672,-14.575289876301719,0.3782780304600122,-9.429020023541481,0.26170108805540776,0.7954455975180347,-16.452221101050156,7.2084756551825855,-2.3692811534507863,7.119744314785166,6.869415749908923,6.661761557295751,-5.518640896572314,8.263397640113197,5.521490089325542,9.323629923133858,1.7418594291143599,16.39377291052707,2.2454851785218004,2.044146569958933,-2.7979247648168757,8.92459422234895,6.109435815518859,-0.24928207663692525,11.61973755715614,7.651329141065791,0.4332973252726139,-5.1723414755143295,3.1007045197995127,-2.4062323963887047,1.7083277016212275,-10.564896103886683,4.716574205460046,3.116197481059893,3.296677885112868,-0.855567624048744,11.939370665109948,-3.7407149154931467,11.95194953625137,-1.6492624027174823,-13.353114974215753,-7.028388958854361,-4.364743788292039,-5.905474379343247,-4.579374855979454,11.103636631402317,-2.144516310368915,4.0499804972829745,-5.352393189103452,1.9713305494200217,1.9285858049937121,3.728118746284163,0.6314798170949043,-1.6449305232669966,7.171834924581303,2.1524806711994575,1.633823127202523,-5.0199670770885465,5.039551844718353,3.963840308167157,-2.6598617596999494,-8.728448754424466,3.6334223116099134,0.6489328256437916,-6.505160863766196,14.23630335213083,13.048542353283231,4.121964503182037,2.860550292271447,-5.040769193620095,8.667665541128983,7.624924944663023,7.5186802807157616,6.850216231483718,-1.0349619127720002,25.347465261168573,-0.7689924115767167,1.0695844559117011,-9.440108758831908,-4.263912275258905,0.3078481137649216,0.917448837214239,6.332690868341891,12.271594301934508,1.061719975487578,-1.427972819919334,3.911452502079037,3.2316850408009765,-8.814050054149233,-0.8261252982107521,4.456875427127759
2.2976412892271334,-3.100904259492311,0.5609095742933463,8.217953289994929,5.684713288965913,12.945734022077666,1.4214456454695137,3.995480355555141,1.0330320349553292,6.701717867879418,-10.709137833487455,4.5570533959735675,-9.164230646899938,3.689065880994862,0.36586374615021655,-12.792713120363915,3.6466143664644055,1.7510762128610153,7.591001352581168,13.447396869161878,5.972746739713795,-3.959352965520737,2.5282576893167805,7.027401131300226,6.241040979734687,-0.08274347046405328,18.742615331323268,2.565252554294413,1.050943161635863,-4.862297722164227,4.492976789595112,5.420418673755002,3.7784076679559098,10.18093556938746,5.274388757021414,2.1274495087119574,-2.3865121235398403,4.141652573790836,-3.1536992211823325,4.062030139912301,-11.145860627562,2.8219611532901574,3.1309625162168255,5.601926326738933,-2.839476043408096,6.848198172160769,-9.30295363755434,14.716747509945327,-1.9398610195251127,-5.052797192047471,-6.839778110616497,-5.431040663212915,-6.408799404743554,-2.597689657032737,13.225148032357593,0.1167540378676124,5.601370336452913,-6.927447664734761,-0.7399383833321296,-2.2397288475445016,5.35438511921932,4.870907830247695,-1.9479550213425902,6.250171553833146,4.592110776967447,1.0650583471568515,-2.090190633256292,0.1974805412081193,2.4092170776475275,-0.46714861582622813,-7.050919466380804,2.501476932647658,-0.18990500950772704,-4.603763901493328,12.407267771842804,11.748599021288506,2.2712313576988543,2.1614803542504717,-6.400310196812908,8.847611407327614,12.262780711756804,9.450689721340366,11.526959775431063,5.689667927405053,49.31938738914626,0.48236551919373155,0.5757707241008196,-10.036951198111755,-1.7338507740895293,1.538555530339118,-0.4097488487297416,4.490870221881756,11.280863534279932,1.609101508405264,0.7562222494978523,5.600363097532096,3.8776281481633186,-7.485692785780026,-2.2934238399776534,7.893513616716385
4.424147714402232,-0.7704209422136037,2.4245088957688683,6.231016886273061,5.364171003030449,9.830873760226435,4.346037583713121,1.610504456230767,4.822672941384744,7.3583771843896075,-7.15011845686505,9.614299065690526,-7.651320491765287,5.398923672819473,-0.7376948221425109,-9.989179003502342,2.93057765376409,6.664120201376246,6.636206780927904,18.022453670286335,6.148130089847632,-1.4526313535916704,-4.849913396872141,6.8509096398511256,4.015932443365842,-2.592531110266405,18.47453016146151,3.3177484453422803,-1.1497543895210134,-6.52626298783613,1.9304767326174173,3.768805492112193,6.149243639081,5.679950082904453,4.810472037097074,1.9528920284957232,1.2640393728473343,4.3881656663945385,-2.694728698599104,4.340873873343277,-8.752636748726005,0.5349148598006526,3.275797388915962,8.541061048853733,-5.9844935983625644,3.802518886226293,-15.12751471605948,13.61021788465848,-3.076914722517473,2.9490232706642194,-6.939841490000499,-4.468299646202508,-6.14552564789466,-0.14058477177029222,10.376643557298667,1.1762677211946535,3.9329237557075136,-8.038184382546078,-2.840925609193082,-4.198354170903356,5.885864774144524,8.714275059275325,-2.2876300721781506,4.917939693229103,6.523386587627555,1.2828082874833733,-1.802688058724251,-4.279935005438248,-0.3632591976413191,0.799499104975594,-3.3443465023200583,0.9765412809284568,-3.469212804111762,-2.4471889787967642,8.319600923967336,7.7204920899707306,-1.8503628889503458,1.7955855949886894,-9.834012102846657,7.828704624479485,13.47012633687465,11.07332275672242,13.115201512590232,8.94784835160796,58.96444276997274,3.1366787276051427,-0.610170217820249,-8.249489586200488,-0.1354046902961734,4.862905755652787,-2.2377085522941265,1.9301417799125258,8.440891818017523,2.3557835365648985,2.680577618195549,7.7461186857473905,4.1694845690167615,-6.051423422560468,-6.697237588729254,10.243867624185885
4.372187107928262,2.3798624603508927,3.5492933026955042,4.49678290666651,5.632608567398103,4.849830974443654,7.085124624126113,0.6975928024540821,8.02538225970044,6.948911360294849,-5.51479951245652,14.250030994007494,-5.035758978777052,4.371054311905725,-0.8503338025080102,-9.310462217354218,4.6666033318911735,10.239088976269683,3.592667325264876,19.165985081212273,8.193809175359512,0.9089536039972417,-10.538838568768009,4.448713029897126,4.081765637759312,-5.331014485631464,16.02670149171319,5.2695610157486,-1.7616969444293153,-5.894248122176149,3.7714001303900067,3.7526520470314355,6.991930888535181,-0.16018331576682854,6.135532366556821,-0.13088514058289147,4.058833977103107,3.7106664490973174,-1.435636484517013,3.734936732433913,-4.501345944603054,-1.432485326492389,3.138727172077818,9.478823942085137,-9.040544931643955,3.0842792256361427,-18.844425198893745,9.640027643411685,-4.949245226472314,7.461208462638305,-6.949033359052324,-3.2234483589858796,-4.270877320890336,3.214926974176559,4.762130215075207,0.5468261607788734,0.1686636914824735,-8.923395936499295,-4.004052182511391,-3.134477446104742,6.028787327597946,11.232852515737207,-1.8853075812530886,3.627711456363328,7.848404027401172,2.3353737709965974,-3.2551886265689225,-6.083408402617092,-2.8522324578620815,0.8911798019994044,1.1483275465984981,0.3597843056154417,-8.107938782014292,-0.4076168444607713,3.51253804682843,2.907582103060519,-5.932730956121173,1.3496554548259434,-13.101456050686322,6.155498100310295,9.783304005252006,12.24768586812991,9.591519835231804,7.770711848885748,58.23051525718051,6.803165030677719,-0.8385955622735923,-4.193963241473423,1.310301230019721,8.148920993303726,-3.772773053658421,-0.3732074751915473,5.129050803984673,3.450725023713903,2.6967537044159866,8.81944823417265,3.1468665719935567,-5.1839234066185735,-11.725445088410607,10.61105789426158
3.3981081883769213,5.451115555296913,3.334427504390182,3.2558716390815876,6.041624959865178,0.201790655523292,9.606186186321718,0.5519262827907028,10.684421505094782,5.775518817336456,-5.818963310228574,17.48813846567924,-1.6390763361559948,0.8862442635850678,0.3427154481450514,-10.193059742449005,7.1399336707010885,10.942966834035605,-0.8055406819097508,17.789765951023817,11.915243481323108,2.1197143217083703,-12.238715546175651,0.5148473506517544,6.298019376215954,-6.777679328624802,12.111952777692867,7.774364060204666,0.8811865288139815,-2.584971412266761,8.689215435129753,6.1079868093470004,6.241752404438309,-4.780581020863904,7.828716873203972,-3.1305579314256686,5.113630925182963,2.541301737918832,-0.057613736240760716,3.548011097283914,-0.8704233504689156,-2.7104974050657797,2.5334247306171456,6.598751401502673,-10.672942647846492,2.996536297208505,-19.628158643375123,5.4766092440729475,-6.855733058449144,7.688726124731292,-5.848546322106852,-2.9868772278545457,-1.3185373404817793,7.072080518733306,0.15651812984108693,-1.6701235849319884,-3.1491783606839396,-9.305094510654213,-4.493767062531106,-0.26506210992538737,5.707354688063613,11.711302023710546,-0.324831533754923,2.743456676126357,8.002201596517892,3.706387171439262,-4.867620329220838,-4.942305775800225,-3.8496466937371325,1.0430939815403968,4.5803349179939445,0.4717820120940017,-12.529647741705318,0.9101675667731455,0.19109963264543772,-0.46954666108145826,-7.930691672468314,0.49790174316831237,-14.563885336390891,4.244006708017147,2.6935803509715788,12.849396114322069,1.9169550265289756,3.532836994181901,53.39810851870198,9.411940406774427,0.06392678276457886,0.6121209193737576,2.722720838855717,9.148142501489207,-4.066874100586958,-1.6860854733830704,1.9053290443018194,4.670042761485952,0.7324338275895677,7.0108741211993175,-0.058689340012848534,-5.294866726609975,-14.693288948448172,9.033992013283568
2.3552060718567573,7.980599416473975,1.9158130849806123,2.4234602924766735,6.300043420835463,-2.0280061282248107,11.695228332693024,-0.041159554786466934,13.021756602885196,4.714363790739694,-6.61819412955249,18.500905540601924,1.958550083575378,-3.8286573967688415,1.8828837497990398,-10.517314737469851,8.712985793564656,8.510321940474654,-4.658298992453231,15.979298328434252,14.8022247589908,1.9074789619328671,-9.902556068235718,-3.492207812089556,8.83994336132498,-5.4647841885760045,7.472685967654884,9.692749695690676,5.868655830560714,1.6165101674651758,12.666667974440282,9.22122574284615,3.4492267628317075,-6.583548848356122,8.53604690723497,-6.046220423593638,4.75679477220734,0.7026083843477016,0.8080801196469487,4.3458267481051145,0.4960997159207598,-3.4778006561884354,1.6601213310515839,0.7513536368549212,-10.729835510446085,1.8166164349117913,-18.188339221748723,3.200475736529863,-8.006736467372685,5.175396603297713,-2.9308582516608763,-3.4055149524249178,1.5440338897149015,10.129236499288172,-1.4129115583612215,-4.698612625043804,-4.265621095228182,-8.19957721798786,-5.054090701542858,2.3259403462546198,4.104264111258415,9.879772662877341,2.2325549687777886,2.510903145175093,6.85383668406652,4.528588759648745,-5.248354513409798,-2.649747564993353,-3.434009097315995,2.637613799326237,6.113211358715027,0.15657520361874466,-15.366482099366085,1.2684285011135605,-0.2800180975989299,-0.9308158581730843,-6.7171253180297885,-0.9071469085260038,-13.718745887145833,2.571375602846028,-4.4530387098204764,12.97555677791206,-6.384361001357693,-0.8483292849285516,48.582796012189384,8.679719040302361,1.2039613411799515,3.9270339083466013,3.5464672339146026,6.885910391204316,-3.036671946394084,-1.6955911600065758,-0.8320475008173254,5.72498674344417,-1.3308743072477094,1.7928405476631681,-4.790840014722984,-6.256375060434694,-14.286763849397026,6.307800936457253
1.2936099524915243,9.566813185699523,-0.6158284160394213,2.07524364893344,6.515297340600513,-1.3053685511557163,12.560544961216793,-1.6921954802973884,15.163538183931996,4.295426456280516,-6.550767449364188,16.951259192975662,4.822581179214012,-8.12983652597207,2.4737043145515143,-8.904016364134923,8.247915652899053,4.258895786470315,-6.470313145140406,14.623440019849404,13.970486383138848,0.6359586396563428,-5.34724870774746,-6.1375202046341,9.804519731663301,-1.3026383032022526,3.1355112485304417,10.61120919251035,10.123403713948605,4.81019911115083,12.65936405879792,10.5325121806917,-1.6945273664276934,-5.8437331848875615,7.538810388144128,-8.549466462974832,3.827251577610608,-2.58659273926404,1.052737078412826,6.210467647736669,-0.12113600679756892,-4.0477982828054735,0.5956838052065188,-4.759120600043733,-10.470219420022367,-0.6021178302306978,-15.843789861231762,2.6825268922581005,-7.611022817306857,2.228316007788323,0.8552653952317115,-3.300255351965088,3.5716320973260567,10.925885406335052,-0.7276162192009816,-7.215195641012575,-3.5545234282863762,-4.908215306493972,-6.522320327474584,3.2678299722079034,1.221084413975322,6.305598296598207,4.917710978931768,3.070869590844135,5.119799629642085,4.2227952321146605,-3.6202278621886625,-1.341672326547259,-2.6625364542628036,5.756884164378933,6.547052731869152,-1.3683740409474114,-16.127849032302272,1.0193143755019283,1.6417785853039528,0.746264348369871,-2.654738692630616,-2.6000932031742012,-10.756513095717985,1.816156731474753,-8.289719019180977,12.706903364652655,-11.501224411456933,-2.5094289153146514,44.99504004896002,4.350843343924918,1.7821874922824312,4.411612353722619,3.4638305789022192,2.1368330355914216,-1.5676169769441857,-0.5773335955477932,-2.270026633803843,6.414019158170065,-1.8205298129145286,-4.990609219681092,-8.826427064460418,-7.112803558172829,-11.244361504582216,3.4964877964358987
0.06253766775914638,9.8342055861579,-4.19896408445135,2.2457966483148444,6.657100901321206,1.067503794356405,11.26571270541723,-4.153195134442259,16.96131823725618,4.397665551164713,-5.379938639291268,13.566480860228998,5.886729613479079,-10.55519979391615,1.2345088836803186,-6.246459155959151,5.078666127242673,0.7847707522565843,-5.812478080373163,12.828319919721217,9.708848379534302,-0.8592709829083514,-0.6864530383320067,-6.825097369895151,8.790361277059233,3.8771554530623904,0.11010730185607187,10.890641790094909,10.365864591712246,6.596461908727415,9.006953531469422,8.5751565060201,-8.8031589005264,-3.834735574059672,4.7844724906337,-10.433829972809304,2.6371589310964696,-7.277281289428097,0.916731120708228,9.046151867852819,-1.4338352683249602,-4.586966584740349,-0.724356125872393,-6.590195405836303,-11.494141481905984,-2.847470591106237,-13.284289304559945,2.1749823647444995,-5.336802648571693,0.7673521557797505,3.388199448425545,-2.275100266496173,4.746670875079519,9.134765946398474,0.14261334976977436,-8.438602426698875,-2.536310336191268,-0.1345984361350938,-8.857141928383516,2.0556680335516373,-1.2116249820072524,2.706626683463847,6.30498636102536,4.236752777475539,3.6279613398584445,3.189150000791751,-0.42100609755234597,-1.9029413216661886,-2.3878142189331935,8.890018451115733,7.322327920126426,-3.8437426020005754,-15.207933987004754,0.4831791171225701,3.969606732706575,2.0372603820606012,2.7047705170183445,-3.9566066132958113,-6.361555318662604,2.4002479871500992,-7.00977362104286,11.836501289765934,-11.541415692932407,-0.7080996353948099,42.44006913185655,-1.2040464548859844,1.2603963074589397,2.7077015495762167,2.886541768958023,-3.2186218088843153,-0.5713497708911295,0.9979544811711489,-1.8607718616406215,6.805834455398284,-0.6336077027367468,-10.261633060282715,-10.200767087485996,-6.519654727311039,-7.516461585583395,1.7573218870333505
-0.9120539697698512,8.85358023806508,-7.3997466862947325,2.791125661298011,6.66485411495133,3.2155470402816944,7.532989764488307,-6.721185253043673,17.95347333722939,4.600385341308985,-3.618715412493539,9.787874069676384,4.91766084232681,-10.382175694882235,-1.699150336592493,-4.443206419424914,-0.41446400349323653,0.3257718121691162,-3.285520496857229,9.618048127665308,5.209601249850323,-1.2167208288972662,2.699354667959022,-6.318522216203563,6.8517769157351225,7.104378412555699,-1.6644542290918496,11.18284709518844,5.861952467963322,7.200433704282591,4.44189881777403,4.333798704696602,-16.099572497104244,-1.6189761774180647,1.3162972992051394,-11.030842346347635,0.9016548697441631,-11.647234383637636,0.6388162238871573,12.14441351297747,-2.240815955129417,-5.064408681378233,-1.8186846948178916,-4.267994501086827,-14.173711387769492,-3.6360155533792633,-10.061720631169809,0.36860668266673147,-2.1876944008214796,1.4050907979285618,3.367705760075517,-1.0532577515274624,5.464565611324923,6.171592361164039,0.03468261096579539,-8.667432065485096,-1.975579690082686,4.216597583341678,-10.68481527535468,-1.385841571257374,-1.1936114293472773,0.7516507137438001,5.3618398799042435,5.383961177927963,2.6550616437845758,2.6154756172349924,2.3703588175500494,-3.6766125368718328,-2.336577165449375,9.926308537973043,8.952481097877248,-6.062140938372567,-13.191968096717776,-0.4910762162901545,4.7251236598436925,0.9075899627224813,8.0282604265641,-4.597750897984343,-1.7997190297581103,4.210540611304675,-1.428132061094444,9.958903998503006,-7.153562446120609,2.8284753467733603,40.398409096632896,-4.702005822085229,-0.4194009368054674,0.633905980101459,2.6144312962210425,-7.206396943959533,-0.22748902614973288,2.164322768772669,-0.0661307853951878,7.140552558492475,1.3311765345343423,-12.055559536613652,-8.873776681471128,-3.7049712184864396,-4.6748449878641996,2.0961503021514654
-1.023723933834877,7.263843478572033,-7.67008203079107,3.6365857637195833,6.920681694346911,3.767085402302179,2.4888544421553362,-8.671861713396684,17.062376554009145,4.753964701823606,-1.6821575255261383,6.7067437357139905,2.9436716611771,-7.834019860808535,-4.874791061628383,-4.201259653725074,-6.212979064350115,2.7952003315099683,-0.40497718401758565,5.240110582691026,2.571052923415469,0.4927410879827139,4.154461345326149,-5.960883862996481,5.451104335077529,6.225803364397292,-3.1328203697768418,12.20835874514623,-0.7469509496841704,6.415000189760883,1.4695109910564927,0.5319032050700456,-20.69413696532366,0.2921884425366086,-0.992743436033412,-10.054299377884876,-1.5062637921482915,-13.543901853159543,0.6483863969843773,13.941278344988561,-1.9630402986571212,-5.543103767603588,-1.9141272809092147,-0.7752939530640997,-17.215598831630338,-3.065937949401739,-5.638634176924747,-2.082134730015054,-0.10538954470037562,3.1177566761228235,1.5100470485487905,-0.5826796438537142,6.362462468927721,4.021549480042682,-0.45978029948005217,-8.503728415648135,-1.2710215384863728,6.5724901601119186,-10.759026932882602,-6.3247595734661495,1.4329613584421026,0.45241433077679527,2.5520455429541964,5.889957056852981,2.0508046562456963,2.8919237653149787,2.1092952390133606,-5.428053669270385,-1.6670133335416866,7.888363114506696,10.807010723367192,-6.4132169217100055,-10.556362943361686,-2.0617299748297664,3.4486377369733443,-2.692464882644041,12.863479939604547,-4.896448007203217,1.368930217964098,6.326072681313525,5.2907690103060645,7.0325145180363755,-0.7295357172770731,5.658240232014032,38.12052146637667,-4.5322451053815165,-2.472670977404609,-0.2530830239847459,3.1480512294647607,-8.491928120899534,-0.346061475394635,2.2857904755316216,1.7308064008965154,7.17776768529661,3.0483659995667027,-10.755917548502914,-6.504285142668465,1.137616214623848,-3.1699966617029407,4.567376893505356
-0.5996543111651037,5.902062086613896,-3.5322099513127827,4.4410601315638445,7.8090937839201615,2.4384881095842506,-1.6924475806571944,-9.97322578708729,13.164973009176093,5.153380519130635,0.37641254190504103,4.5533847088387915,1.1293721962447374,-4.192888245186163,-6.417222829116892,-4.2072443619154996,-9.865841391814682,5.807899235106946,1.3767113096066919,1.052662698855686,0.8942885176993176,3.457586058963627,3.461369055641928,-6.1646276731658105,5.554404510931967,1.5869975287072677,-4.939062232878143,14.439710342743757,-5.702310983403434,3.887373958699306,0.8251113586993912,-0.7255462181390167,-20.43569241097331,1.7685000294949487,-0.6703669666490599,-8.372861738694356,-4.430824075740147,-12.52032450616858,1.2599934167538813,13.114683646773605,-0.8661100555483469,-6.568608895655068,-0.9660258612248571,0.2272682066990861,-18.9953532418845,-2.174931535267444,-0.8884355277181548,-3.397464481462209,-0.4122619152081535,4.296661415059616,-0.3529302416733133,-1.312471216072264,7.924656811198355,3.4978870448034884,-0.2581771197649987,-8.190650541638885,0.555477724406725,6.654490658667353,-9.576927659939749,-10.917367582217024,4.869692836960643,0.5322138923103399,-0.16795205232616217,5.624242686332481,1.5826748376760165,2.9206802058696955,-2.1632151145730143,-6.15696973761764,-0.16951195737606178,3.7703558423787404,11.90960438474659,-4.36731385069693,-7.942055720868289,-3.541002807845614,1.1522523666027333,-6.836609836148279,16.52965914078984,-5.490104096554587,2.134337366327917,7.132253984319246,9.72685411262232,3.8522502625750104,4.892548197552265,6.225924701652239,34.962937634257244,-1.6455396997308953,-3.7364169662659457,0.8309201104835884,3.8857167494340814,-7.151146675919901,-0.7698925504747152,1.0696850854834836,2.111446749552486,6.133433141621005,4.049887128694554,-8.305084160688086,-4.717503263231453,7.219470878591892,-2.3726883295003844,7.613817170868653
-0.7943670158979537,5.296321245025624,3.8553139287171216,4.46510849323799,9.122740590952176,0.14621594817001293,-3.416936569145538,-11.546241578938506,6.779039915265605,6.272742133978625,2.508208441084369,2.8971796518284902,-0.4015510356330536,-1.2170616948809645,-5.581023330708772,-2.275729507750179,-10.494938296915857,7.045845563114201,1.9339284360218316,-1.3713087300111964,-1.5747593490167837,5.494758834044649,0.9618782767487253,-6.067845615639432,7.030815704705894,-4.226038738127624,-6.953432574215592,17.249803182721372,-6.940838476461382,-0.2552923169680451,1.0884274309718882,0.46045576095271334,-15.483938272125732,2.9240253644980103,2.4037690157931717,-7.043854489340572,-7.6107275102514755,-10.24001135451762,1.949663921705901,9.802405922000546,0.4164703903371503,-8.816352783996079,0.21657350949512605,-2.077126833174978,-18.87216552081295,-2.1041005603826095,2.3034929964109025,-3.0060509817970824,-2.8807217851893756,3.924379980577082,-1.0934316821976173,-3.17774451407125,9.830367281078797,3.7198613297555667,0.7482969637853283,-7.599850899885151,3.5689412389862403,5.080512053564792,-8.739387975950542,-13.001050545571553,6.9337761105730955,0.08211160083116831,-0.9800675572837387,4.835355288925756,1.3209593263420574,1.65402202247635,-8.296627039626543,-5.143943156306694,1.5891161646681886,-0.19176128235458118,11.463660789673273,-1.5967463871485368,-5.85863876726619,-3.3952540498907795,-1.2312257266215925,-9.334067586916856,17.631236250786536,-6.454577462365826,0.873191258315904,5.294543641626088,10.50732498871179,1.6685981272628236,7.491395160775903,4.526435248037882,31.137306294126063,1.870775092632367,-3.294943119976839,3.7110968245880187,3.4555050727583065,-4.665179848831578,-1.234803133901244,-1.41046178990159,0.7043051177580221,3.737594717775183,4.279867970617744,-6.291560599852971,-3.652919189542573,13.405249203346298,-1.293924383963052,8.822538219130342
-2.3593827439299844,5.439046859729277,11.013351233426087,3.3133862145226627,10.284535167691097,-1.8124228977604715,-2.7082343046410298,-13.945105301913637,0.20600142900282403,8.300804449090368,4.222423053582406,1.314848008137632,-2.1358943842463813,0.11512625411730104,-3.4675492298416803,2.3717336677735146,-9.123641983907426,6.12948147970272,2.3157386800960227,-1.7255074117432594,-5.1117826182776245,5.008925470144938,-2.5734466226962915,-4.714693203326828,8.670344459106554,-8.632507951536475,-8.324874242562101,18.74482896549619,-4.813507937892487,-5.00374479272563,-0.25831091220622415,2.167061547301374,-8.37540337837112,3.7322350113518152,6.725093195048509,-5.934808544880374,-10.313673199078428,-8.837199960947316,1.7155023898514314,5.493124532743982,1.8146231626466003,-12.216935947487325,0.6376530448375022,-5.011134158814471,-17.192635100180144,-3.4317323524110135,2.9556810732322134,-2.2586974958424992,-5.957968913751165,2.0001475015746903,-1.1867493873220605,-5.81857589123654,11.278803366435197,3.0584436311784886,1.7137514018644184,-6.5215906328832185,6.502841129540556,2.819131510739242,-9.100089535828689,-11.537224715083106,6.263083126701159,-0.8943801862326496,0.1281352596633627,3.891401364991112,1.6687253470717045,-0.5797798882406995,-12.758360265165106,-2.441570799836059,2.955722710920932,-1.802161344748768,9.227327976551127,-0.7733215384194283,-4.180916417734147,-0.5595485725079302,-3.513685613925862,-9.690930364841538,15.392089435297379,-7.310037851418361,-0.9164107856476487,0.7683000063655405,8.887424238493058,1.42779336397482,6.452715288282133,2.101991334857556,27.39487934535334,4.505971698940865,-0.7273168240752022,7.2045332627173835,1.224098426573318,-2.5330319797134297,-1.5431689543640823,-4.594421230781785,-1.6425943955959532,0.9906021405429837,3.5950848739862633,-5.027339980588428,-2.0515744901756374,18.299243274989184,0.2534972751101261,6.8155939680806075
-4.879934982366162,6.192283769700926,14.353094853498753,1.4687949830809515,10.865807039808827,-2.948602870784365,-0.7055198886263329,-16.272854238887525,-4.286624846226528,10.80341558302835,5.089707489984718,0.04375008039398498,-4.117793802266177,-0.3128213847664294,-2.1537866892925344,8.057006584695467,-7.410854826464319,3.8978622693339084,3.3601802544567185,-1.5111716753943787,-8.613670600275663,2.745287914045327,-6.257330040332283,-2.463973441665401,9.127024312431493,-11.166149233580843,-8.120339076419937,17.118149525498556,-1.0523887653652282,-8.705081178987975,-4.207368750591417,2.4259564969423875,-2.4532197990813835,3.876262535086959,10.124499378714315,-3.9428986939591266,-11.228646559365076,-9.273655381325037,0.1733297346147148,1.6380953311089903,3.849819953845191,-15.575490099419596,-0.3153109653049887,-5.010592185189554,-14.65190836835351,-5.561792380493331,1.63781844797062,-2.8405933874314266,-7.7009960210674135,-0.3490534083884892,-2.130103486504151,-8.616731506895642,11.847222906381527,0.872440992319444,1.7785809478208594,-5.200977226660267,7.611765918306718,1.1741896141259498,-10.174564813983626,-7.418567906244345,2.8888097554542074,-2.000205029013985,1.2385346711418583,3.0561729907602793,2.8944571157359915,-2.4709954267300143,-13.643609129692358,0.4735913796220994,3.410937776274428,-0.06140272951194235,6.078765000949579,-2.887005164373896,-2.71252906826087,4.22922661553609,-5.41277806679054,-8.796676519809935,10.754262912015237,-7.601851609956455,-1.835209279849514,-4.980385790713337,7.45448354538566,3.139070708403802,3.089134654868422,1.0039602422518081,23.81717146359773,5.93774956878017,3.6174429514247493,9.683814767600959,-1.9769903299787988,-1.1953708149180755,-1.7594220834760637,-7.457112367120564,-3.725251498067446,-0.5393194248356146,2.249298601528807,-4.00301685843489,1.1290548649479195,20.866774845838098,1.5850908632212128,2.328589734848375
-6.873420260286461,7.624945277298936,12.496324221018222,-0.13484844022898423,10.784148741794906,-3.6536003181212076,1.4479441414371388,-16.68593555246335,-6.080740795272944,12.786999566756247,5.424246490609849,-0.4480895892707202,-5.64735653373366,-2.3965538254532124,-2.678035458585555,12.061561750595825,-6.590702143368196,1.227877842201548,4.8917184272603,-2.437819626634088,-10.720499338532033,1.463751811639276,-8.929548533789857,-0.9533270498021427,8.131989025341863,-12.941806966211242,-6.401588321580996,12.390083977469939,2.549144917226837,-9.958721126257354,-9.205860558414196,0.9358851712698666,0.33040261342419086,3.492513844309598,11.674196744994799,-0.4748904673395131,-9.362325862999256,-11.0692492676988,-1.8090722489797995,-1.5121268473321425,6.462109864931232,-17.143047765213993,-2.270948256202635,-0.8334385028872249,-11.686364456975063,-7.0496263200095015,-0.4132722636779267,-5.126351119300145,-7.100847420759189,-1.5014531351943208,-4.868563358099101,-10.735483395240829,11.465647068410611,-1.8546241609251073,1.0049181137032597,-4.358315779511829,6.000013457130298,1.2151930628093406,-10.960874614545473,-2.654036893369502,-1.6597453537904725,-2.8099712821363534,0.01447675702754081,2.0473061208923973,4.840530467448871,-3.069934828139004,-11.908429106259675,1.8752816376957333,2.47572765570493,4.131219604715438,3.710620334225599,-6.020043300929273,-1.8184307739839727,8.550405575804575,-6.307355970350706,-7.244994589389862,6.247745946828704,-7.182206072095673,-1.6211552388364279,-9.898365094171377,8.138367974917303,5.553926624760905,-0.5552819000123472,1.7733446139854587,19.46126023185737,6.404157612218285,8.386078737123643,9.885394073881555,-4.538576959550847,-0.3366527828439738,-1.9773831497077274,-9.078978048573541,-4.957186541198947,-0.28422119011133573,1.1051428608697877,-2.6970667911207236,5.316913178838624,20.895947651110394,2.3146131367665945,-2.623109875907917
-6.690839537647539,9.444481374118238,6.697154437783728,-1.0879152209196787,10.026655796062169,-4.367255922336926,3.3205456373722586,-13.7727439584475,-6.453331109603014,13.251492327203797,5.776942585535867,-0.34452020478614287,-6.0133099559196115,-5.564724963873077,-4.094791342228029,12.870607351408573,-7.328688456715954,-1.1698171357976672,6.351171158393587,-4.6710780856689516,-10.329977495477923,3.264905450637643,-9.288110004301226,-1.5240734514272267,6.815272381554728,-14.48812056372476,-4.181603410294493,6.774516312554656,5.136477813223572,-8.597762308386933,-13.03784723980652,-0.910356396961868,0.1914880582455194,3.505655298319365,12.077206632965918,3.8181108977116374,-5.337950600635402,-12.718554538834253,-2.611512147651123,-4.669518511169522,8.231956121002783,-15.866700924969685,-3.931645479174448,5.581778880205025,-8.270017503645576,-6.715749303166897,-2.080632040151274,-8.075046403995353,-4.668722010352164,-0.5635473742621373,-8.743440227563347,-11.214378120653844,9.951855129021116,-3.6454847721261165,0.5556596524362618,-4.227565650616813,1.9266628217956798,2.9679389418319944,-10.695868093625268,0.8994153004776408,-5.430235315722509,-3.159533846008446,-4.09653326864254,0.05029909873388383,6.652994187366741,-2.605279956293204,-9.971598141405654,1.5872469862623997,0.2374861522115237,8.249313340004665,3.175526862836386,-6.9582080349673365,-1.8616907220779928,9.975011252419998,-5.880433861428571,-4.841405197737535,4.57435643887475,-6.5248610575759844,-1.196999110964168,-12.85113884126016,11.116092726600108,6.757797999748799,-3.364283806705603,2.7685373734204886,13.418052803782826,5.711725248956935,11.764531806082273,7.744044119824195,-5.328881851073305,0.15757157598493277,-1.919360859232802,-9.263047134026227,-5.572231740014497,0.5219123424294368,0.650771550421898,-1.337537437393303,8.838426850799106,18.895574613970037,2.7964661563267175,-6.304344076714367
-3.8423034115972214,10.466277117407571,-0.07975295166125806,-1.782963601678666,8.59127966931043,-5.0477430348869206,5.311662829015967,-7.921177974214212,-7.031880556835584,11.760636163081223,6.17761985159953,-0.45114692785823873,-5.269624344588086,-8.516330520381691,-4.529348933834265,11.328116167288062,-9.809606772507038,-3.1041816844977084,7.484051270086703,-7.137176509710985,-7.34089871685678,7.558072365772165,-6.927768973065152,-4.289558750799945,6.678799147220945,-15.176352492461605,-2.5834421327005876,2.7882410944236007,6.698844975493573,-5.791515200464232,-14.65175417583757,-1.946070743555783,-1.4173931284760364,4.693577704838571,12.290433000107416,7.4871563702910375,-1.4997575295247827,-12.595434985476803,-1.32591203665952,-8.338817799498655,7.51008109741476,-12.22090197083289,-4.3426777321337315,11.002167855440456,-4.1910663957065735,-4.389638747048111,-2.8848980536142603,-10.25042134701683,-1.6298478647265509,2.13029128203312,-12.00816131414685,-9.215259611117864,6.971305781877417,-3.5809344891091346,1.424839068908634,-3.913782632119621,-3.673863098301478,5.6366370097782195,-9.386084340233056,2.063594904466147,-7.572985681004651,-3.236930166826967,-9.096535019415413,-3.2618831578245393,6.841813802484754,-2.176560926350508,-9.425099958009469,0.6325499129388832,-2.0017386674166775,9.612408792786034,4.347380000060808,-4.056883366141531,-2.696697622350568,7.9913613829408625,-4.346435113749033,-1.502312020031994,6.3193499872119805,-7.013232679202725,-1.6058937742842971,-13.96473882989393,14.688354159790407,5.579403070776718,-5.5489512986085785,2.308770800853682,5.906750629496624,3.3873869224573756,12.723476766189478,4.377483955752847,-4.615508531688359,0.027257448237139714,-0.7953546980935952,-8.529374904573594,-5.844808696849252,0.4122148793828865,0.6404611614431096,-0.9255023849141264,10.538829474890345,15.88388741132476,3.2815517515332884,-7.812987194266755
0.7705424669968668,9.10288187098703,-4.961832548477313,-2.742959991939914,7.008720843906886,-5.0796573779001175,7.966866075785578,-1.4906936928601553,-8.12563435885707,8.666500224770736,6.096145849259632,-1.3641288379355614,-4.028184257698708,-9.891626496785223,-2.9121695231330555,9.845722638583347,-13.383361288335289,-4.908743217985685,8.138231462373735,-8.742088526186345,-3.734291472195785,11.868200651032879,-3.1177795135791113,-8.620665583040957,8.197780733850106,-14.527000969310025,-2.205284896705218,1.1143174163199867,7.079775658686752,-3.004917496285307,-14.111114034787596,-2.7074453276671955,-3.039596267109704,6.845218456632275,12.691291031168038,9.22210468767182,-0.2912870426082439,-10.507217065304147,1.0890377677838923,-12.129234255940563,4.347340487668766,-7.824006655171454,-3.749139115642696,12.999532525997376,0.9355684315940476,-1.0008947248730826,-3.1150834172161006,-10.750138547278354,1.0739537410793454,5.4948995893325625,-12.871294147374474,-4.705621968453301,2.558406005888121,-1.6008646622853098,3.2279896806196144,-2.334299434505924,-9.365744765843766,8.270211963813676,-8.124705369047422,0.40414365525691304,-8.749456018818986,-3.312076376396587,-12.029061949817883,-6.969643868529275,4.344208198362035,-2.8850895241796937,-10.159928159984535,-0.08813408995937641,-2.3747768845325434,7.364359357477538,6.463833775301319,1.2959496899431122,-3.87840183019685,4.315453907776199,-2.1497363352330274,1.9383926256023698,9.52841031762043,-9.973971708029506,-2.7934007804418908,-13.615914898113648,16.13570367687734,2.4563192064962314,-7.704464444984405,0.6245387186875594,-1.5499363616254325,-0.4133152492125083,11.782948968442664,1.0822190462240338,-3.784785065142752,-0.4709742519560637,1.8200136603400203,-7.538869718853245,-5.440313853660249,-0.2164331339003539,0.6867872840601407,-2.2764395716871095,10.688315887808603,13.033290917614313,3.693084555922222,-6.680189822134553
5.639668444206058,4.721889557058317,-7.159437908461191,-4.017867445289971,6.146759211937964,-3.6826066902493086,10.882627013479661,2.605994782837677,-9.316878464826342,5.06995462997747,4.699902753308382,-2.9207441155345713,-2.9119810341745227,-9.111561779217688,0.08844108292590036,10.104019448211014,-16.65736727296352,-6.597896576236505,8.071703379509477,-8.999902395738037,-2.508966619143039,13.806057016798237,0.3459222633053969,-13.226054891575817,10.569025163289151,-12.98005882203471,-2.6414502845810173,0.5239954377704197,5.89475686832282,-1.1052995521772808,-11.801487571964598,-4.378696620881137,-4.040154648775477,8.856478678817219,13.049102411716461,8.946022651829091,-2.2918599642893143,-7.9952275100815395,2.465669805395014,-14.871644525203587,0.8361191590863998,-4.078788971184172,-3.0292996321304475,10.974500312043045,7.175795092488096,2.0463580211341355,-3.0851610439384665,-9.517552112106696,3.1258453959472794,8.405751650373961,-10.633196824700722,0.8534798225035551,-2.16910186523854,1.6760688656243934,4.704055977026652,0.5967037585546997,-13.49670402708227,10.335079266534617,-8.140241870332053,-3.7522525702737193,-10.155762582702163,-3.473749443925964,-11.431802109025408,-9.597618802059227,-0.15332111468276532,-4.846251382378453,-11.141889778755282,-0.20717716457731883,-0.1444802629645433,3.2124251844760177,8.054573571763463,5.660815841862152,-4.691334673026038,1.3546380469877293,0.16185018333590007,3.9918283193803146,12.02009641201719,-14.995624643161745,-3.7727829146947993,-11.71134917387279,13.830775275821457,-1.1924382599525991,-9.564967979232708,-0.7976171017681533,-6.94260140269019,-4.479521529923531,10.383893487404368,-1.1371654428360305,-3.9134115613907956,-0.5767724559235898,4.948912943273907,-6.551449638420727,-3.711123862939832,0.17539739731426968,0.3834334202707527,-5.235862722961892,10.288917159870389,11.225403433995996,4.341281312493812,-2.9762681144537977
9.505646852698725,-1.3601838436427753,-7.908066310869589,-5.2009368796678705,6.269753123862458,-0.7388688058260731,12.623150329594795,3.030714871533342,-10.420979382310037,2.321686614139887,1.6691500881948977,-4.603989143506235,-2.2158159333401564,-6.785569365864194,2.9550424667255104,11.709337629824512,-18.43750995957663,-7.479628425186113,7.283441956167829,-8.106285247911693,-4.695546422838366,12.367732313513024,2.94197812894629,-16.209679534384748,12.56680876890583,-11.518250607358922,-2.7331772670544323,-0.5079476723315883,3.455778180373058,-0.2299230008674542,-8.398635905857615,-6.816648702001062,-4.5850735267593254,9.572583810745538,12.516161508857879,7.942260900512333,-5.608526525912161,-6.52526161933214,1.6245080352756907,-15.454085039937468,-0.6881403919794384,-0.9072009043701486,-2.9442626166489965,6.573806595526074,13.17204840777573,4.128781854102406,-2.49121969744205,-7.359030989090444,4.784839185440839,10.230581041737052,-6.539137411511751,4.922286494716332,-5.062410547924035,5.440482878285506,4.878788939994799,3.974156666428792,-14.827359341438893,12.169743517160441,-9.557115107399149,-9.207454322032872,-12.287746373282815,-3.5960910070369105,-8.346298397066237,-10.275435963472107,-4.250570332303538,-6.7805763770790115,-11.494814987100735,0.2864592364483409,3.4435355094125146,-0.1737208431374575,7.140677205783469,6.448210844802873,-4.3727954262499225,0.5266760726592918,2.0807157272026573,3.535488021877341,12.775364606471136,-19.55180502106814,-3.955778186728652,-8.049884903546337,8.570073018404408,-3.8773980748946393,-9.656817030496361,-0.9268213248202315,-9.137466366874765,-6.702360403395674,9.653736143462258,-1.6707666258646836,-4.686366636305335,-0.3380726262288495,6.971460434146101,-5.561702562439294,-0.34713716805501504,1.8822479622250117,-0.6151672976521889,-8.541821932088416,9.800254004662364,10.606549456555381,5.691169155931823,2.1519890882344526
11.745886324619288,-6.6383126187003505,-8.484581088141606,-5.588287571507645,6.988845583887507,2.8500465363235525,12.111271500199283,0.8757273082979768,-11.08624506597372,1.1384407298530936,-2.216686352276472,-5.975554335178229,-1.7122350476867836,-4.410337477781606,5.2275676424122635,13.056009494930022,-18.3026255439822,-6.909704154874161,6.044784818247294,-6.6465457667721015,-8.272898192652628,8.488453260853834,5.474331146256969,-16.358020052533206,13.28548238639252,-10.98717833615611,-1.71407138033199,-2.2538994991110424,0.9608082730824493,0.09504907338313906,-5.372930957344998,-8.694952953400213,-4.960750854754187,8.804881752597698,10.16540638299172,7.82182527611471,-7.115233062059237,-6.1172530119041655,-0.29696807119333735,-13.757314557671524,0.32361066822809725,3.090822352547333,-3.8392139680103248,2.651893266891911,16.51343360239973,5.7775779722548375,-1.1479273313941238,-5.556070903686447,6.509082040905601,10.736165999627609,-2.6095781868223855,5.424901668414522,-4.350261704717719,8.844422431433987,3.4832420720486574,6.463958127703222,-13.12896858116315,14.516200879523431,-11.5546721403974,-14.037978660315183,-14.32401622601581,-3.4161339066716567,-5.349069024417631,-9.176835140698032,-5.853645508583901,-7.053657407491646,-11.332256112502058,1.05954664707548,6.087953861864273,-1.479651940163294,3.002726814250378,4.185989724039321,-3.1156048106855314,1.6782687011053665,3.523492607784526,0.7821214942521424,11.485453454860329,-20.298306643234596,-3.5688169357466992,-3.231713051681503,2.4730959935604266,-4.464242122251201,-6.76967394115948,0.12647850859890852,-8.5211781623744,-5.1828115014993275,9.952118550814506,-0.6941623778808782,-4.892002396592117,-0.7431774571725809,7.1753760347550735,-4.497539560004507,4.045846589822583,3.4235971522722526,-1.8570086453935368,-10.160777060461141,9.110805619663923,10.675519463122013,7.388035450584633,6.8648642826334765
12.34908259367872,-9.082431502766259,-8.880452840327706,-4.477144369828903,7.840690145303908,5.618601286415657,9.710075365775122,-1.509808395528423,-10.938448365183122,1.067426443287995,-5.876941236082667,-6.721864832097344,-0.7514027285207007,-3.1559042588351165,7.914472363392614,12.976733860426775,-16.46981771383881,-5.066220292438002,4.648780312861184,-5.0038038831630764,-10.294318344584072,4.5153230686498915,8.414955475623444,-14.2795156279814,12.312788454827308,-11.51859851790378,0.03349832202583114,-3.532871808118124,-0.48396295644324616,0.5851055878548685,-4.5770259959082455,-9.366775785111779,-5.225784167103821,7.247145845593073,6.143852460269166,9.51694197306156,-4.709959537847007,-5.681576578837271,-0.8751472316267191,-10.636434643123335,2.4706548032272715,8.957423907628952,-5.218218761384736,0.5334573305799182,15.900550604211723,7.4244223374526515,0.06810005080751669,-4.8645196642989985,8.13650339501619,9.921755262685213,-0.09965760249014544,2.221843239425325,-0.2949954345545365,11.280988178836646,1.1811780693951413,6.873382842002585,-9.595850890577804,17.15926315104076,-13.319123301685746,-16.531458896399037,-14.736854216543106,-2.688833011934988,-4.637687154006909,-7.166747444540647,-5.113273531864357,-5.1770258815442025,-11.786279809090422,1.6822118147893863,6.294094673649569,-1.154948904515449,-2.475772258548174,1.7574921487998556,-2.13363891522362,3.508908978461007,4.997234926814219,-2.663753221583778,8.402724219887679,-15.416230314196042,-2.783362876745315,1.2626490930647511,-2.97784464343835,-2.560005168538135,-1.665919264620349,1.3240531540893792,-6.494407240418961,-0.17152025012367345,11.178151039740039,0.9124797133777562,-3.7887403908596635,-2.3209636536351095,5.959173699937644,-3.031543919500738,8.005462304287848,3.229180959752192,-2.3922203392404597,-8.543504283040278,8.179483948595465,10.799846779436567,8.383894925767066,9.742509067177924
11.569122139507678,-8.020332328670523,-8.428460312063542,-1.6860393318348292,8.155898829254308,6.304541636300613,6.710995217792171,-1.8516829952012954,-10.068971586985366,0.8870646587461986,-8.670086116397009,-7.100986482790552,1.0773153537729012,-2.806416768240328,11.81605880076679,11.607210760058289,-13.628876999494093,-2.756573089601121,3.321850794447759,-3.1573866823705696,-9.290296054780207,2.7335945917426643,10.867340890392846,-11.439113996227476,9.730542674347156,-12.381270018922947,1.3745754329205395,-2.8574221712492545,-0.7881214372807023,1.6612981400223261,-6.670430291906039,-9.705271014042662,-5.270870496761257,5.292417320070644,1.7131742334252813,12.554485188178111,0.8196927316348745,-3.9512429564508853,1.2612229303889804,-7.24675729627598,3.6901379507874763,16.110455023058798,-5.782225199802797,-1.040761069219955,12.463148168638474,8.393243675825882,0.2003762531412745,-5.001896891382169,8.213762113660007,8.292583420519401,0.5122987092968643,-2.531966187953601,4.834144434354906,12.735329442072047,-0.5074029175785402,4.861930597626228,-6.440358117275579,18.61735078067455,-14.650131970254737,-16.061963980895612,-12.951967534693702,-1.2611738241491435,-6.326426823062619,-5.204770290390678,-3.4024764957402382,-2.1314908733778744,-13.757876825896258,2.1989927269570564,4.412331212693424,-0.18279861480595483,-6.063432650776388,1.7491026834669778,-2.1553106340237416,4.426903083102602,7.004891126272864,-4.727936906542178,4.311832646646401,-6.3811477325062524,-1.3189732732817645,4.323132712832477,-7.525794945184636,1.2265744508690304,3.4823755188834298,1.2617941870932847,-4.498226899986058,5.367223714959587,12.966010823327291,2.1035116105924194,-1.6864971089212273,-4.178456470007452,4.130612676142691,-1.0357693018380423,10.214973516158096,1.1877035713685156,-2.4253525968696605,-3.806309575778693,6.920705396921233,10.325631279706943,8.034547695411367,10.444413875225244
9.839586328096615,-4.069063486038247,-6.990928900244013,2.052932362839422,6.762100273811983,4.416891836621293,4.352404599355979,1.2315118168591477,-8.733327188984891,-0.29583429768913305,-10.112783639580632,-7.7964968577013245,3.337282777565771,-2.2731877927007247,16.061128496373815,10.098964283969398,-10.596573078323473,-0.8356548837506177,2.1781970739809164,-1.3254577597055712,-5.6917433680029825,4.158470013581535,11.766635852713131,-8.26345297196486,6.2818560347817405,-12.386911743413771,1.6119367023128166,0.11985499741850925,-0.4161762955074369,3.1475325591176104,-10.083476996892678,-10.946493355501739,-4.859945707953813,2.6159780873327767,-2.042926284287134,15.219108810383775,6.175453445328257,-0.7441537130782967,4.923720679336537,-4.471299783487684,2.7634199598623876,22.80742893747349,-4.6358434656701055,-4.063636231424082,8.686927482343204,7.677856485672549,-0.2315157002389805,-5.041004450446747,4.972511063299588,6.810810508174668,-0.6599572287256565,-5.782114594177006,8.530915896545947,13.478191026767254,-0.31913487327472767,1.3625139106913218,-5.313636482137218,17.497427010196322,-15.897893170115491,-13.1148378841098,-10.071923213927322,0.7305974213610531,-8.448020428720035,-3.930957518207875,-1.3067281205090513,0.39075737618488526,-16.797575606529236,2.8658430457074964,2.2014194323289837,0.6578634778198327,-5.94422141647718,4.502341095880183,-2.6533049828878177,3.3848846378614503,9.152029178412544,-3.996662252429018,-0.17799473208652294,3.300149519936528,0.8863290202773095,5.78328265483341,-11.288765808083502,5.437075013175427,7.0233973758019195,-0.8298281319628182,-3.5823142930867844,8.080868924055373,14.788050821348868,1.9494324076347498,0.6900893525562175,-4.698910293697642,2.5645275757327504,0.7501603206690082,10.311737394949319,-1.6308149405589205,-3.418145933865065,2.5576663995776494,5.300654276440679,8.659369352605824,6.427341925594274,9.632848235325273
7.819786953565191,1.1172646797367358,-5.210728251545701,5.242160926207544,2.716299634612171,0.4131034099404678,3.2476880656920883,7.360013821252149,-7.312459359928001,-2.273627909024013,-9.654339038034134,-8.745244488841713,5.054360200329968,-0.9688266908454137,18.757511922969677,9.35484055279256,-7.838717276881873,0.3900050546545728,1.4229957955451265,-0.41537900990346466,-1.0053107974851365,7.961274318605865,11.111004352166267,-4.508058694504186,3.1557258695816923,-10.635124453508435,1.3042992249909635,4.2026458120389485,0.6475645316275643,4.091761064331036,-12.027899992880664,-13.064355502268542,-3.8973291197921966,-0.9249128638623372,-4.982336768661688,16.09154625096867,7.808926729448432,2.488617853187759,7.2985072913809415,-2.969601215074724,0.2848487039384353,27.19166222704332,-2.1227219021346686,-9.23540926221532,6.378071705556543,5.200337678781216,0.2661385258046485,-4.090196879588049,-1.2334248928385556,6.246960119262957,-3.0114025414260466,-5.54324255003762,9.414649250587477,13.581735588730416,1.5965514643366294,-2.022848931659398,-6.146783476857344,13.795011541626625,-17.225287871113697,-8.976230573514185,-7.711003405676381,2.5436268786255867,-8.742392548477136,-3.4432822571915382,0.6785449248050823,1.0889821427303188,-19.08136567692018,3.3694656311212148,1.2995080879732797,0.8547618651652268,-3.21559029198534,8.105291739909182,-2.897859481860407,0.3672236805556798,10.222157004740653,-0.6735736933913598,-4.80201373372992,11.319196594108808,3.2807495170717953,5.569814940220903,-13.820307883450301,8.452700698341317,8.629474512759673,-4.548340256847818,-4.346379967919372,6.843032849393412,16.26827799466582,0.025043452173317104,2.8686260069860055,-3.3984109149106168,2.20306619243447,1.244941718176539,8.725476737495864,-4.0883024469946925,-6.093933130459631,8.619574941811853,3.7308012278055434,5.603772510432242,3.7351414586236977,8.339049877646527
6.036749947928336,5.247112074416532,-4.2879839512175195,6.474685442397357,-3.464304042338455,-4.477568388856656,3.0733449644569024,14.471423558016095,-6.3235482563172924,-4.024653782434169,-7.057601818845262,-9.024054880868704,5.795541330081166,0.99327859475645,18.85325385127102,8.836937307345485,-5.452492176727899,1.1934181753534125,1.6034422193603939,-1.2315086488277958,3.0576783017464138,11.625985645665494,9.349320235925406,-1.323979653342835,1.192683250494568,-7.071442180667888,1.442273642625636,7.235995593834847,2.371523064632534,2.953094193433068,-10.964939065985822,-14.797192775121873,-2.651418115997342,-4.482953844790152,-7.586752654691443,15.242608403165567,3.8277930324101015,3.8043878641148936,6.556216815884018,-3.6132977289535253,-1.7878363761158942,27.814005882299796,0.9877303376090092,-15.406060397377468,5.718138138773421,1.697065374657469,2.4840364855306394,-2.1801340266939055,-7.132156974776741,6.611286309901116,-5.862518874788439,-1.807713471214476,7.481781520506945,12.8932038103325,3.6752163645183487,-4.046124138134172,-7.735123129482429,8.81868829549526,-17.95401629900748,-5.191523523423071,-6.683034780087169,3.0573348693114126,-6.381367881392629,-3.676087194224793,1.0590960843515722,-0.11433046203520958,-18.533592956815497,3.3078776219909787,1.8949233444564784,0.6042933740411957,-0.5842920227837274,9.943210079879165,-2.7356334364686403,-3.535028364093585,9.323667657358389,3.33076956432736,-9.00184904189438,17.39622323098009,5.246017049494189,3.264829419874422,-14.207563453676764,9.559925246540944,8.940971430284398,-8.554449881399655,-6.618778852509225,2.8134322789718578,17.244167139436932,-3.0491282601086427,4.724194224171925,-1.6877054902087747,3.801543604416276,0.0671520185883887,6.206731033254194,-5.3547313632313625,-9.437729401445518,12.76454329279067,2.6863765896181193,1.553757858959921,0.12924598320744535,7.275695701746534
4.625640559647232,6.614832392057174,-5.287580353829454,5.410929313044227,-9.557131050652,-8.617340836354504,2.9485002668041167,20.163127940604184,-5.766634383575047,-4.852543434625144,-2.85940742884236,-8.412078675488154,6.164366992002965,3.5498156971573778,16.91780568190528,7.086818810035005,-3.5341264920282747,1.740914918501694,3.1001966596601713,-3.389611115107484,5.370101783702643,12.78714708717776,6.8841280541306595,-1.235181202867012,0.22064456175433378,-2.3743595209290618,2.2502472413785206,7.212133667711669,3.4681225019314237,-1.1151409088505586,-7.906661636477941,-15.090356406906585,-1.1859027730693366,-6.771175970674962,-10.396525579554364,13.887065140466696,-5.2392849541295075,2.384996544610802,3.2997054345387307,-6.933130878763,-1.8691416268508445,24.104737288117292,4.378482852695269,-20.352556850806483,6.066885674601917,-2.2847359052136276,5.899351523612902,-0.6642678082310045,-9.012084330811724,7.206086936361158,-8.490044520853063,3.4927872622168517,4.136305703322228,11.279298171669318,4.3828065257920725,-4.313088116181947,-8.982475664502136,4.285592704847258,-16.92139657783763,-2.9745427394526383,-6.52584671510202,1.642093724432954,-2.5104843293231625,-4.891745416903258,-1.1347258576863763,-1.8088611445402796,-14.822975361478722,3.133106833938108,2.899676073915724,1.0077156535587557,0.270168522070791,8.687791865708443,-1.9441154843353448,-6.672911429457202,6.811075521893361,5.751571325011698,-11.755547450426,21.494202152429864,6.766298626492848,-0.9302452856683947,-11.872424150003987,9.265207645482288,8.71692438501427,-10.863005588669298,-9.277251157094621,-1.891336706915479,17.532622100496557,-5.839392106008105,6.407542139362814,-1.2159553933352263,7.081569208889662,-2.0458227510011895,3.5560012229798748,-5.140587292036409,-11.912149540574541,14.564347796588375,2.236854329796379,-2.385342520413486,-3.5071795429947428,6.687939600389875
3.7755025955888217,5.693971123011762,-8.042514299524754,3.008681373633736,-13.112762521609252,-10.551616392310413,2.2166792381939473,23.027812726813654,-4.976903428244003,-4.839433350880163,1.5616544788737494,-7.938376800819692,6.832226682736279,6.774454959667205,14.341403594133089,3.478274145487092,-2.4053143274881963,1.963217746973677,5.368861353132636,-5.29923349321768,6.019485951183693,11.16698258805977,4.665359773223512,-5.222531996577251,-0.6584236681582345,2.503674350304313,3.0589943112199736,4.162665743915995,2.504891132176691,-6.933041212752727,-5.079988220568143,-13.663371804059864,1.293392780038106,-7.361990244500542,-13.63658812572669,13.198425813225573,-16.496452340262426,-0.7853756320701275,-0.34047725646312066,-11.820237178596571,-0.10219680185583568,17.036076100347664,7.660528632256513,-22.33994308410432,6.976345103880054,-6.594978223842951,8.9438932915982,-0.9939099785633436,-6.030015909963792,7.079746990377268,-10.240174473573934,7.5533461441939505,1.4051729742535803,8.880102427315054,3.8059901082793948,-3.193313562584757,-9.514886874080217,1.4811025145559,-13.581651492712489,-2.733976418991496,-5.6950861785992055,-1.154224824187231,0.4413428841389324,-7.240532993913208,-4.859830169984548,-1.8472194662383852,-9.82002649786579,3.404568259047581,3.0587574131123203,2.7011304196340653,-0.24763598312208468,5.203135188721491,-0.13252944638711206,-7.750287088657595,4.010115293088394,5.328154153423489,-12.082706442839244,22.897951423257116,8.332212819604624,-5.392278768325541,-7.18470390765616,8.331157181990564,7.957127812334446,-9.915526767754837,-10.90144357830693,-5.1542466628401415,16.801540934426715,-6.9837117295523985,8.379716592057378,-1.9126092167473805,10.389299585419232,-3.8138860928337515,1.367031398657459,-3.996537269729848,-12.72411663297395,14.914693121980228,2.346520351220038,-4.951663352595712,-5.860057173327443,6.40368089346369
3.7896518370741443,4.787534922028402,-10.708278900093877,0.591924259887258,-13.326638498274923,-9.892528724362117,0.5791100191610088,23.36268008507297,-3.3363762612448893,-4.211588509114775,4.679295234371067,-8.369505524322898,7.474902493842685,10.154257756070418,12.252794670825983,-0.9644237923790424,-2.2034566166034923,2.1996532839118403,7.246554357178057,-5.196442660620198,5.968031937794637,7.958852212923098,4.004392923771229,-10.842336806368971,-1.8441747165070588,6.654220423245041,2.6521591333466925,0.9295243450472594,0.08874441112409992,-12.067560602326266,-3.996520640779751,-10.487583073081783,5.906188532254559,-7.219436820566169,-16.56440723277616,13.340872654414666,-25.601044071083397,-3.7138701812543875,-2.3648671662648892,-15.59177889865888,2.143045126394945,9.055549930371255,9.775669910829277,-21.42411105495355,7.956839886946122,-10.719723146355548,9.702109916732985,-3.0309084421647396,-0.909958013206828,5.587173633450291,-10.87171224853987,8.728426510800176,0.21810067116811016,5.960146880930718,3.447875367458022,-1.4810494019742058,-9.594051266647504,0.668642926933197,-8.76348653685075,-3.8342370224961924,-2.6671497137961344,-3.978842186374421,0.5418488545785172,-9.918457453177195,-7.933774515721271,0.8908290253401614,-5.724404154750842,3.8214516462236348,1.616416612402708,4.722413827260304,-0.6899141401213567,1.872902866949,2.1705643685337574,-6.476196810631642,2.0626316276643664,1.9902458538598156,-9.71153853223038,21.086377488570157,10.18239301906376,-8.157237809717532,-1.6389040286487255,6.681241874697398,6.191247949864455,-6.48685751143376,-10.918737466272288,-5.81884109684151,14.394763448099543,-5.83194017858675,10.978138860284757,-2.4010873464183127,11.787027639000563,-4.29889739682173,-0.18357928502975285,-2.646714840469375,-11.83095854558278,14.622798583351212,3.1920879817668526,-6.009324104853199,-6.603608508723813,6.0510284369328105
4.201725537094812,5.679691819985164,-10.616989195972602,-1.5742185635274337,-11.301891575614652,-7.898679356383228,-2.267071066127821,22.57168929881058,-0.8360424596150628,-3.0918005774276294,5.959094549559659,-9.002136170316568,7.118936884191719,12.181185503508674,10.812767669983556,-4.290818975530102,-2.351056450938257,3.222712691973786,7.819621412518526,-2.6325342346069416,5.956462812881533,3.880750737027932,5.131445674391718,-14.220504760970256,-2.5829547819883176,9.176820927785082,0.27365209044820915,0.7032547932063427,-1.6784180691384658,-15.058395092550326,-4.727050949578619,-5.879385233710242,12.868088712443772,-8.04414045105255,-17.396637743336584,13.77557526684549,-28.676942941191623,-5.161405543344559,-2.19398560483711,-15.77618889362094,3.69637576044737,2.888730899216259,9.667822383308865,-19.407871494383706,8.02212253818444,-13.583609040356023,7.440174343575639,-5.1659977456416755,2.543354937637118,2.8732140882160113,-10.193319659483365,7.683194860200462,-0.17889917497163266,2.446141823086378,4.828794254960371,0.05905398750000268,-9.332628953359345,1.2293260402639241,-4.294301295307005,-4.8942747849643204,2.631043155643117,-5.841641833400642,-1.7196712353365484,-11.496619657423475,-9.1216973648529,5.5983481012969625,-3.4112840569527343,3.881782572017246,-1.2342769763682715,5.428591238867046,0.023945891275566566,0.9938606065945488,3.519097855605517,-3.552204448269098,1.0484739398169727,-2.962659127916218,-5.646120383934239,16.840365118659143,11.878984373574777,-8.705462693413939,2.5724722184698074,3.403534159449947,3.6542212332640878,-3.5445463830088197,-9.902427538299321,-4.013204096612874,9.589578528076357,-2.657169870691658,13.63776807291743,-1.799384803689131,10.669007178956553,-2.9915440091146026,-1.515355100501591,-1.2444908646674377,-9.669401633386565,13.453381068971204,4.44925124766602,-6.61385569501199,-6.858378293819545,5.496184252049361
3.8208530606679045,8.111323914697278,-6.311975422666627,-4.462303683300173,-8.995324369203411,-6.535599344296676,-6.506786816546969,21.461414086142913,1.9366969538250967,-1.8609372416741854,6.200128623614817,-8.523578618532202,5.3026658889658025,11.195301821925028,9.309642966315682,-5.099435799679593,-1.6468951316576703,5.4663347317046505,6.780529632826967,0.9830060961326708,6.1909000930818925,-0.8806653357911971,6.799450990372036,-13.387146430142156,-1.8068178688999472,9.123064183498839,-3.093277705089852,3.7587299915892527,-1.529703832392354,-16.071101134660964,-5.73523794078,-0.9695292119466936,20.92022396498629,-10.810229032247728,-15.172431092657861,14.087681183617608,-24.438792066429627,-5.239184253402127,-1.2481371293157935,-11.750579539898204,4.300333340191097,0.3061304181859068,7.340315814080229,-18.324240203251982,6.400352433011282,-14.174344196179273,3.813203448346594,-5.88303351644255,2.4483360545846518,-0.029663928248079507,-7.923396569928755,6.544376031261878,-0.8127830060924435,-1.628993411115018,8.611033376162545,1.1476741918125688,-8.058523589823727,2.455046268993712,-2.0247056403940196,-4.704351351638836,8.585850136332523,-6.883674999434841,-3.6155667726010456,-11.10548133292117,-9.200046192958299,10.363412610581602,-2.326124313251663,3.4843517321726596,-4.0261594011177,3.87792289026208,1.8966906776335406,3.0929270980301213,3.268795447835505,-0.24707404969476277,0.3860704155324157,-6.867727353529047,-1.9909766472319022,12.186616426020658,12.649149985280555,-8.015521978718809,3.6707643436072157,-1.8986084528682543,1.4062556615654076,-3.5655285547960913,-8.653944359704948,-0.3040594991910939,2.8653302806272105,1.3884653106347162,15.052486867123536,-0.37215918410381077,8.103036152341437,0.38226395636473276,-3.3816734608407755,0.05458133890846961,-6.988661481762902,10.976613250964174,4.703730641623388,-7.660451658404648,-7.926444828764367,5.008755833226931
2.2445873736548316,10.4426843726711,1.0874248903826436,-8.586074394210362,-8.277404402638764,-6.636233491810252,-11.247732931315346,19.698813339509343,4.201399895383867,-1.2147102511531567,6.403440925329764,-6.519055153600521,2.506213055599234,6.974523039872478,6.997073960285759,-3.796094582978988,1.0173918222279745,8.455846390961002,4.285513708053314,3.7236133499634843,6.7387033939546015,-5.503390662327776,7.787800983532533,-9.504222374606918,0.5389057877986456,6.188580879820971,-5.36194232543698,7.400428596647645,0.3825481750168368,-15.356807731212573,-4.742597233290202,2.8396934737915966,27.916118696696653,-14.696627448527696,-11.30002919705397,13.896213069780849,-15.211891746681733,-4.385103978534117,-1.7384919937849634,-4.75137197653164,4.437936667536919,1.546478513213072,4.014458812710534,-18.31272375255573,3.620937978537057,-12.11005756888579,1.5844557155869778,-5.069470434887577,-0.37829606631723794,-1.7893647601125826,-4.299175291172183,6.983464503799089,-1.7112386302279021,-5.395252646051734,14.177559228129422,2.1915950294353617,-5.017827399035131,3.788893166722633,-2.8675989663549206,-2.871888348292744,12.990960492138077,-8.052278159810395,-2.7413708559852084,-9.087684402619882,-9.803273300871735,13.60290556904884,-1.1190892197281492,2.7497571364160214,-4.848559015813265,0.43520427454191424,3.903926432454097,6.523746216889822,2.3658987049681652,2.1132937917986974,-0.3295662944710176,-7.395117120929818,-0.592358095182723,9.06909816794284,11.742676484382365,-7.237612663366422,1.5485288083265238,-8.069517067197536,0.3660077858035763,-6.388051867954832,-7.477287149489011,4.485696645072305,-3.605244763533972,4.780836951776317,14.506444253215653,0.9583398738557312,5.6689350660126046,5.625798004420445,-6.006844869441617,0.5740665337083217,-4.335131619734243,7.610203033332241,2.667987683275835,-9.24850506174642,-10.090728410054876,4.893000719380671
0.44324552695521025,11.14702781595869,8.595009500350184,-12.697836915789873,-9.92498710967625,-7.443843195253639,-14.240938291668913,16.667473529060256,5.555127824593387,-1.8360499548180815,6.462384307528,-3.603871462045168,-0.49262101891408405,1.2255612597347418,3.629937756516768,-2.5057221468117294,5.465470483395231,11.032033269912699,0.8132224597762931,4.745493951349247,7.4984428589641565,-8.665814697365699,7.742954677234832,-5.460160879509337,3.152137373735612,1.680645941632704,-5.420701182533563,8.469437815292522,3.001218099566768,-12.366390629015982,-1.1461090423933014,4.931671481738317,32.012435962741904,-17.717241276426392,-8.25843891047328,12.91988175824444,-5.669612767813126,-3.0302035996635412,-4.302264120014376,3.281331895147737,4.811643672132174,5.309012035811215,1.294299888009689,-17.394865862052193,1.334206193502061,-7.88823952995026,2.0183246875106944,-3.8068638142589495,-3.6622774036891492,-1.7716654429419219,0.1057245660268471,8.502200830061494,-2.3501625070109577,-7.678596185030657,19.596456564501064,3.6724945002677414,-0.6294083471599246,4.642744644582221,-6.08895745071883,0.13959461967701525,14.438991443318756,-10.311720352644217,0.8001045308271428,-6.8708163926627215,-11.588406121593449,15.019150398479372,1.156504168974525,2.1898283433910666,-3.022171170731203,-3.0506848115428165,4.879609904567316,8.786654163282371,2.0557043528206007,2.8931233779406997,-1.2045323667286785,-4.503940684360519,-1.6790430854184333,8.228806064509953,8.742197563489938,-6.829206977753205,-2.3158646672084675,-13.214256368069147,0.6186126098735164,-9.63122795061581,-6.330518783165804,8.681947797092995,-7.6680766120663115,6.729684827192101,12.633539841537063,1.1886878452947087,4.505927394226486,11.91427507086872,-8.536730581817768,-0.04125009537648808,-1.702935560607369,4.550437505666794,-1.0895930210077704,-11.043635521649094,-12.584807859859806,4.903657142316913
-0.43555283210805085,9.695659582193745,13.377099651488356,-14.73951795918332,-13.120877868217788,-7.772144629056435,-13.692279940909383,12.003293556213542,5.964226269883255,-3.8925086391309467,5.498711971085294,-0.5971180498365558,-3.139495847523153,-3.7272236310730076,-0.5796062108519502,-3.4240998717427393,9.982256096706257,12.099232212694806,-3.0272427669903825,4.692839484943295,8.309639716309515,-9.734453716701415,6.337193881452536,-3.4294744083456656,4.337657886580712,-1.8480049692346734,-3.795143310878772,5.50227037391981,4.50049223514486,-6.957251798236884,3.087043459167078,5.601359922627298,32.219301987603835,-18.237111771622786,-7.17645061388789,11.671457403709349,0.06920754058918366,-1.9084485442522863,-7.242133906331289,10.395334036034736,5.76423444616674,9.137098786567908,-0.19478555821646482,-13.828720201941412,0.8954796798867564,-2.7236594437406314,4.315243703573547,-3.2622366032793706,-5.1915193668121775,-0.6651136441941481,4.962185436596258,8.803472342897642,-2.751674072038491,-7.9525856540401545,22.3805529520355,5.390667778970789,3.4180108806084792,4.629560556813644,-9.635602023360363,3.094882969817392,13.029220475843097,-13.701154095233978,4.752278903790053,-5.907607906461729,-13.892225728331308,15.258309385183342,4.040740734923785,2.6926507817247685,-0.02485786948503399,-4.347200958472178,4.4859368250631695,8.33942086359397,2.8015268202478056,2.3582384813568735,-2.2592823780563323,-0.20461984125637078,-3.874317698125747,9.061152861951026,4.346535535641442,-6.5856397286770365,-6.335519237721025,-16.17025766845527,1.4140341835728631,-10.908314471061313,-5.139792748275103,10.250100000551154,-9.093134101713977,7.672690321226193,10.651249972271543,-0.09452363634555105,5.120190434816128,17.723012896580915,-9.578030188376786,-1.2810030218377528,1.2031619386905117,3.004938692491064,-4.232871227789028,-12.143316377470473,-14.078492449996693,4.251821539090971
0.0201492304089137,6.609117445257698,14.132124637897203,-13.691121740075147,-16.2822846288484,-7.340405657971342,-10.015595198311196,5.896012980905973,5.316414536311813,-6.483017403098136,3.365392108324592,2.1649651260419125,-4.8792737303406515,-6.478773231033706,-4.995532610331013,-7.100565914104887,12.771909743201341,10.941570367524308,-6.496837489053927,4.7773801144701356,9.259998714726766,-9.052416653904729,3.068505158057399,-3.2656341010295904,3.605730758085703,-2.6308233459187615,-1.56880591426444,-0.5759478116201153,3.2218325457607486,-0.5596628460568276,5.562441273176069,5.653236694600843,28.164350136623558,-15.952368435776103,-7.2840612693990865,10.66269501155594,0.5547706419761189,-1.5476952661524108,-8.299773608862623,14.958142652069292,7.125693044113231,10.626214064094953,-1.2672192021890107,-8.186847458821576,2.267494021152945,1.8239898933952796,6.704888764382141,-4.015025086367607,-3.891811320417548,0.04794227174084753,9.613800790731714,6.252862762700429,-3.281025129206088,-6.599899650711982,20.866533118194326,6.722908280799139,5.453728591324096,3.58206708923219,-11.637221007827844,4.756920129734081,9.910228990888832,-16.80541463761818,6.999334283368405,-6.37621908395567,-15.551682301665357,14.69333789254916,6.171041509464423,4.748509443116193,1.4891114688744387,-2.8377797403344394,3.3616303858473042,5.452420558832298,4.601794805783621,1.006388318664318,-3.4270331020433042,3.296899175136346,-5.324389330844175,10.18540114501175,0.42965441073952215,-6.028928964899906,-9.794714491486472,-17.035482176302907,1.859715122725809,-9.709720633704606,-3.886263825137122,8.412258796217142,-9.141161356914898,8.079696555182654,9.386587227769002,-2.2307830982891685,7.118784115120693,20.919713471210958,-8.28427451266101,-2.478370139679645,4.49458152630174,3.280053828243451,-4.6514587519080255,-11.190374327390236,-13.37419276962283,2.249164984699401
1.5547477718308422,3.134776495871242,11.10454055789506,-10.16456380234871,-18.359457955760767,-6.721256777738998,-5.405775958043401,-0.34138063189706713,3.738093070803182,-7.91220342376545,1.1681865518569343,4.677408705778403,-5.267733215167189,-6.98099648058291,-8.597399486582257,-11.718515948431468,13.196420950481794,7.38928025236947,-8.462188455683673,4.877388967640567,10.32070632297358,-7.2453374215568225,-1.9608916410143244,-2.7122600246349,2.128075894546354,-1.1041878619128394,0.720232555679643,-7.571499714262394,-0.3995754009101291,4.4107589001483785,5.625046263361614,5.828938360841418,20.3683027183229,-11.845629247993536,-7.334258459782341,9.065935660941163,-2.8956621216585274,-1.726043630360433,-6.7653322571504555,16.292949860307413,8.546208918707428,9.10770083069454,-2.941811622005583,-2.8811407708376624,4.436634046560852,4.34354563718374,7.736667755987161,-5.8707686004743325,-0.4716774506275224,-0.6072230496731259,12.498814591346596,1.2682535590714648,-3.78594019592234,-4.776253656606692,15.491904275287393,7.3443693848051055,5.182596718059475,1.448575532230473,-11.779943707713711,4.802592738669149,6.428487139694784,-17.973120327792397,7.016110736704879,-7.237645393394994,-15.904819379400056,12.89736959550289,6.705104446183505,7.831945651597301,-0.2418012477764917,0.007510016648783702,2.5008396056921463,1.6440013915581353,7.319175310863571,-0.756313936353251,-4.385611642618198,4.7339690007703625,-4.8568768438250505,10.562320752390553,-1.3902041689548097,-4.649339144320466,-12.685460687745413,-16.575826712217257,1.9371935985936055,-7.632519477087428,-2.4864140137314013,4.545459849499198,-8.775995180839892,7.589562303536618,8.811203347665138,-3.8921729297863314,9.288381394707173,19.822197959183807,-5.034842273916143,-3.5421361608053172,7.587605042671152,4.60146029594198,-2.4025867720206815,-7.718468261056329,-10.234360810476096,-0.9016769807963252
3.5925237370199183,0.5807172672341503,5.739172184600649,-5.720124305824256,-19.226737452777474,-5.964618870368397,-2.2734352081410605,-4.391054005195392,2.163413322393848,-6.880592535192397,0.5004505451045766,6.420062948198148,-4.491329868589183,-5.801492436267383,-10.588685776859338,-14.089893939552026,11.742643843872015,2.5268251661156658,-8.017019077741534,3.270215215437145,10.922133855131134,-4.750144130622694,-7.761150368439489,0.5912867272007443,1.3993931306648943,1.1195589926910534,3.3251983386050847,-13.687304150035818,-3.6884450479625066,5.996737468382169,4.5133164132562085,5.969468853401107,10.86980371390245,-7.342212109771457,-6.731754784625604,5.836964644246329,-7.462316543521432,-1.8374014457855852,-3.694257779567931,14.859316154043139,9.587695431631111,5.90901830070217,-5.481894196466923,0.036227211430163386,6.561260348497966,4.313909181106982,7.200093446917664,-8.069487574813504,2.8464988585139666,-2.2492158395516078,12.111430456452425,-4.423005895834831,-4.05025242111879,-3.7063719092124843,8.69083557185703,7.498504073707157,3.6404792438221603,-1.16959059577837,-11.05789774513553,3.8023696965294933,3.5799808744772363,-16.97967711626091,5.36452867945879,-7.361949594892871,-15.365324495929338,9.383842479338309,6.049010800288716,10.636766439318944,-4.60849250183786,2.061350218687454,2.473479698003913,-1.6695342492631848,10.56777006829219,-2.4952767734781833,-4.450251168912596,3.8505353935584847,-2.5006625772504503,10.080133490283766,-1.0338187717742229,-2.205516450712126,-15.103548528939173,-15.555039080367987,2.5024307506601966,-7.027478999635573,-0.8146117280528713,1.128983206251537,-8.049267630847964,6.009626587697484,8.08931760902252,-4.109131946806248,10.49772724416157,14.66007040770982,-1.225183963396767,-4.760000058103845,9.182475877541208,5.894949062454408,0.19548596099210513,-2.787410804277762,-5.3248249754322154,-4.189644706763104
5.627903918936534,-0.43697830989798625,0.4079894547070974,-1.913780311972938,-19.002306754888735,-4.4915480522740685,-1.6984633576508574,-4.368565684385317,1.5284684026651327,-3.369769017315819,2.329272356956892,6.366801789039002,-3.4472890923517645,-3.3608899265456462,-10.605068881744316,-12.451642070568724,9.883467803414351,-1.3068818534738824,-5.633200142301902,-0.8740883382606296,10.190470752240723,-2.019430810029575,-12.769432033569604,6.683074578670347,1.8157527738057353,3.0298592891295852,6.562557440171946,-17.644733813396773,-4.256118443069904,3.8940392517089646,4.214923494427477,5.099297388092387,2.6488563067751816,-3.4526046361503115,-5.621554606948488,1.6990002080148283,-10.42068457093994,-1.5398728050498622,-0.5349232739462119,11.754640110150056,9.551692645706744,3.0540535948743233,-8.745832696070623,0.3591837989995774,8.184097592838121,2.5404542896164424,5.703976909238889,-9.77908596465635,3.464973752197098,-3.2766381667705695,9.02449379599887,-8.723469033204484,-4.602392152692076,-3.740072757806896,3.217591961315004,7.588852687623005,2.046247691218288,-2.938465034591877,-10.43208246608756,2.690728242903475,1.8781588713371054,-14.84580450947481,2.907329940770344,-6.2285349526725975,-15.113031947241161,4.789709226926333,5.2876396335098175,11.855176078009015,-8.935158008747246,2.0942023593676584,3.2287510042999266,-4.139044692146924,13.643881199558619,-3.9047323603136155,-3.5877720539699762,1.256935935037412,0.7795631792887798,9.090279705569213,0.16037450438587952,0.8942627725237839,-16.617265314762314,-14.679052566764843,3.9264329649365215,-8.69208811236404,1.060634165673738,-0.2972932551948264,-6.69578327330613,3.8593422754505373,6.58848936885567,-2.844634091939434,10.286212622629607,7.638994714370579,1.6368380708630714,-5.943173669840978,8.289012282281545,6.611657189586079,0.6318516475217311,1.7754979586198396,0.34640324863226457,-6.625597093812731
7.313432775375839,-0.24176681266327016,-2.650918234856427,0.5057608530340643,-17.3866999938994,-2.4617356748138564,-2.8958689295108893,-0.5570159581704539,1.5251965226539723,1.3883927020861973,6.319138307737706,3.9666561388486885,-3.2870436163111547,0.0008358564568329285,-8.551967106196008,-8.25119208716486,9.472680013827262,-2.324016923101068,-2.792274182722491,-5.928757245230038,7.695763022705112,0.0530795484802713,-15.285557117665027,12.893868378072314,2.3728902380939454,4.4132109446770915,9.758317096244877,-18.248505397336995,-2.0555524337000954,-0.13963521302476156,6.05686404910206,2.869063914154859,-1.669109728276844,-0.46747526692674946,-4.930297685020333,-1.334736765339347,-10.407012267684818,-1.1829795765842177,1.8335457759840206,8.12296442577696,7.679763474076904,1.86791624807318,-12.32018265952812,-0.5046101518535098,8.655074035642576,0.2769743519514838,3.5274590504056187,-10.55877860125649,0.03537142339291266,-2.178157415510493,6.402278496394191,-10.039813279304939,-6.038415228197278,-4.6893975321163675,0.5203090787135016,7.701009867998314,1.091288808842278,-2.8640713058844263,-9.899016342874406,2.4552357584281355,1.6229213788917491,-12.62889096310826,0.8231830875769003,-3.8569839665905947,-16.32300968794067,0.8426045751023503,5.177787323990513,10.847979640569978,-10.801916816625578,0.2512184641965983,4.579457439094941,-6.152109063523794,15.4271126107823,-4.765094479611907,-3.4359173362830964,-1.9045540217846355,3.888829564593707,7.89247875355505,0.4931270228268323,3.977797329830656,-16.204803331349282,-14.56331539973867,5.474353751399496,-10.816117523509043,2.810182040493097,-0.024198262056818187,-4.833962225466527,1.6058275211285415,4.565289038092276,-0.7476743524175933,9.033888809341404,1.351274896840415,2.713289964922472,-6.077850845318975,5.389228394410127,7.006979879006593,-1.3662990275919058,4.446780936007735,5.615265276015593,-7.441089728282382
8.306853569075798,-0.06049777955630553,-2.92539011058434,1.7699075861640563,-13.970492487060689,-1.0217223754363913,-4.5225072769349755,4.728170281296579,0.949374113043491,5.586414609648101,10.696675979547884,-0.42580217714820146,-4.629209496277594,3.765871581195717,-5.048487076449294,-4.6295537613646545,11.288342935032048,-1.2338660121810854,-0.6227402336840203,-9.341447466880036,4.261235977315,0.6908422212532351,-14.2678302506269,16.342226328878002,1.6094526218975185,5.317097995846295,11.083769412731213,-15.270690214623066,0.964300457842879,-3.419489522865837,9.685470059827246,0.2434302173314844,-0.807517342021483,1.7059029826277627,-5.639114661584127,-2.049951040668109,-7.776093564787419,-1.9826600441492541,3.060139915239377,4.610116949470866,3.8971346037353722,2.2570000825642147,-15.390904654188406,-0.6210402903286738,7.056916958100295,-2.1244209392072406,0.5439271719812657,-10.553181187438668,-5.821321677195772,0.8685401628260776,7.3195169641416795,-8.606260272977739,-7.893502621592442,-6.6470421994271245,0.394997752887873,7.8302282432953945,0.8101080592882028,-1.1017019515423563,-8.581709544651101,3.7941198657864623,3.052935059861572,-11.012132510020196,0.10267995722743883,-0.5755418213250598,-19.386249628250916,-1.1224656209651869,5.794041797371056,7.840303548639721,-10.232479369683055,-2.3051435360565407,6.302726307217287,-7.825237442305429,14.889227698625165,-4.718233177177911,-5.461917321725224,-4.663601526424085,6.124854691562319,6.520918793424078,-0.7739877853484005,6.825052645947997,-13.199364552835817,-15.216174355906064,6.262804525527155,-10.778261143310253,3.9015217755778604,0.738653728127858,-3.209592376406174,-0.5892970762447844,2.6309162047103483,1.4153282885269545,7.910910522782339,-2.4687008561315182,2.006219714843179,-4.121570875087052,2.169165540336306,7.65687020423182,-3.6696991202656304,4.743184423836776,9.517991674729391,-6.16815056655818
8.20029455021917,-1.6287223038827845,-1.9248382651159657,2.1610883164783345,-9.023559730589984,-1.2688348236598168,-6.086477253431905,9.134090614578778,-0.8063317726405359,7.896846903191841,12.871676877030911,-5.628329169506287,-7.0655134423916435,7.449705616004302,-1.3304880068865141,-3.761665407497655,14.246930806899138,-0.3147022639624404,0.6808353693186604,-9.6465843310545,1.6775393600649227,0.41107544978670907,-10.436232434441107,16.32231723732916,-0.8028325887493368,5.865802024144031,9.089828161481826,-10.17663277324761,2.996928526724944,-4.446015766467576,13.217868363012544,-1.4314915147957978,4.159373121136334,3.267122875738991,-7.292372336909334,-1.0884745577995405,-3.7741602887378667,-4.8902813635693345,3.2131974990815184,1.1388828526732824,-0.721761216072728,2.8225567228306283,-17.04343165152239,1.4660675733197,2.856339015423473,-4.831191091893548,-2.808163646654318,-10.010573203709694,-10.109892488323185,3.9962589532773523,11.548428369792603,-6.7118678269130765,-8.987225262880186,-9.361696306336928,1.3544612346959592,7.986721879161134,0.6774628700998622,1.3782710266583935,-5.316581016517708,6.691896709273918,5.838755784387186,-10.188957034241099,0.6075506673161954,2.9426882917708435,-23.581252281016255,-1.2375860284213447,6.767745140053109,3.72458596379045,-8.905056591647593,-4.388084732478303,7.546513169172499,-8.68803192468418,12.1682815526534,-3.614277035792606,-8.273951876612811,-6.728302448397818,7.035280875250929,4.557290726212484,-2.9422316636360293,9.248924436058582,-8.233344670619374,-15.687780249193315,6.008080727152565,-7.676518052707347,3.6442285047082734,1.1728723398293905,-2.922296533623914,-2.554649278168391,1.2637166167487104,2.995153325406569,7.714129396882309,-3.115914302238208,0.09556096508991391,-0.2711341441801032,0.1068700275885126,8.784699907133275,-3.9357967848216564,3.2471830690906462,11.445990141613525,-3.3454461289327786
6.621165457392649,-6.062313244261741,-1.952127348342895,1.1449092635213387,-3.8766649965627056,-3.1753539010263916,-7.682158699255734,11.300934050362143,-3.0108898737759615,8.079778426229918,11.109788667257774,-9.732942080825351,-9.001453383205984,10.795241990105742,1.6675987832113663,-5.896212931246163,16.146232122174506,-0.6619197084452209,1.8462689780148114,-7.076293910472658,1.1716566730042093,0.5150703648092776,-6.388216984088062,14.045523290991891,-3.235075897300714,5.929297968930472,4.54370901988775,-5.337498197115076,4.018289037434819,-3.859428485533341,14.647434726953769,-1.242089299703617,9.81358029748855,4.425571152397403,-8.16642993082801,0.03027077797440736,0.4588848028826238,-8.890651724116733,2.830953812412779,-2.3254277641234498,-4.161693987259914,1.8973984392005816,-16.60413276573799,5.906984166056654,-3.2347390069130233,-7.245632498759922,-5.334657550259782,-8.675784001756446,-9.982990643618708,5.329304995646567,15.530229235011237,-6.638655271213126,-8.718210340658434,-11.650597188602186,1.5023115407191474,7.868915486203707,0.0843565689548007,3.4588190792910427,0.5529868463821703,10.592589375518559,8.742582457522406,-9.43474268576104,1.409187692453189,5.774413234386773,-27.462354666880547,-0.42859531283998376,7.568308265782112,-0.4422842953776911,-7.831872967272583,-5.564478126660584,7.105160801800096,-8.300510128821646,8.644805513422408,-2.1576237854426443,-8.654040379091338,-8.095093962921476,6.162348747449032,1.4273669632879251,-4.760303195687505,10.318197686287688,-2.973680499524715,-14.919695848123407,4.727957339117044,-2.958697788154701,1.536384275693778,1.3702403328330643,-4.942018512193665,-4.158089887855788,0.6751485430206983,3.638476593614655,7.837516910321823,-0.9081070551086672,-2.3098039770330367,3.6665718793438016,-0.4299481103315015,10.170575561850004,-1.8178035838814046,1.0910925780838272,10.96178576814161,-0.3791876706701989
3.406118937611119,-12.482546467238704,-4.207642238299759,-1.9614212870884196,-0.45102276312063516,-5.546200071552164,-8.929987670152492,10.422665130408014,-4.408314263725366,6.6932971358800035,5.798152026131653,-11.018897305008803,-8.342789927816078,13.48347326625529,3.483879488153331,-9.721699244986358,15.412233823965076,-1.4646628803953483,3.856003907107308,-3.221051311961367,2.2497068827713447,1.322072918648908,-5.178532391770389,10.956173636702097,-3.1818071701515658,4.990818331919428,0.11970219967060136,-2.77944018921315,4.653776853911096,-3.289072590052667,12.880780599898737,1.1653685407630423,12.70067097011021,4.982326156335903,-7.13806473962606,0.6055045271051238,4.0832233566741,-11.497035842831597,2.5168383443600386,-5.053103901816121,-4.5728821128363775,-1.3423266179701256,-14.010241612811754,11.366907502245326,-9.184140133500302,-8.442256176554174,-6.177665942803522,-5.95376517688529,-6.029217985606314,4.435359790736304,15.848376429991948,-8.543240224684462,-7.786621698956397,-12.274315761788214,-0.037234015106974105,7.019462295017975,-1.0862598194898023,4.171609524690631,8.329227557736496,14.714925648135468,10.575888083693362,-7.504450056206219,1.741290067514449,7.258473430250047,-29.212641538549644,0.735672918734489,7.688198108360769,-4.040239826307575,-6.983275798900499,-5.876016174725308,4.798421893890031,-7.010833893755796,5.7010193088697685,-1.6103965634293842,-5.257521809149273,-8.391055400045214,3.3662005567881805,-2.827459374610931,-5.505808041433967,9.043844387393666,1.0505814131279454,-12.84479363067587,2.563439652503608,0.8351595209767195,-2.0527393810277426,1.8380820419350827,-9.27181805078094,-5.2413189219706275,0.5848037334875498,3.5619750134150654,6.9721874764969725,3.022928937480522,-4.695786981684899,5.804060557770494,0.050521437381609524,11.586196966849968,0.5537445827584804,-0.6541819333163841,7.997200226218884,1.8151299876651714
-0.9491855460876133,-17.96858866947785,-7.487335186679019,-6.647879122282962,0.250214810106975,-7.102079222183203,-8.92140914184737,6.67553762279271,-4.308697826565893,4.5737152689338,-0.6948076251061295,-9.223437996353631,-4.717104847884858,14.866873968866434,3.6310565532121686,-13.079021780155054,12.37470637777368,-1.074576433654265,6.636423799710823,-0.04595061196702055,3.3591578564701514,2.1703285147776508,-8.277044321678888,7.842735653967322,0.576738629511035,2.9221297417201293,-1.753264458193302,-3.2173896384381773,4.590622407558612,-3.620078603918034,8.03988821840465,5.356621522342395,11.619398385074756,4.378219995027946,-4.456584765813633,1.0164829471358008,6.409754542436264,-11.034457397953652,2.411903268093462,-6.224954908559834,-1.8033358895699583,-6.463137594841914,-9.915172717066074,15.684116296303873,-12.90342745376517,-8.24744244002127,-5.668631332307318,-1.733581942466703,-1.1628906988330725,2.429734036263639,12.256954172105157,-10.515616833230139,-7.592810590770621,-10.95787058153477,-2.434837316301137,5.075498662575175,-2.250304783370604,2.9036292644938673,15.897830301960031,17.85168546031101,11.223094546075702,-4.135060961200842,1.0240168333729012,7.409537065967095,-27.155904544813765,2.2138539338012935,6.800154265834614,-7.058727812975825,-6.285340219362727,-5.545562720642458,2.0384172772266718,-5.912854668258538,3.728194574745998,-2.5020068067852206,-0.014975863781147236,-7.207026617101208,-0.49586218493304224,-7.255223124600768,-5.273214407943156,5.947295890882463,3.348565269870014,-9.89516616084183,-0.07696203987871808,1.8428931007330007,-5.789210984824262,2.689056375129813,-14.251427593080809,-5.323706452742565,0.6002961869634587,3.327586481604122,4.458430055925291,7.291977028616082,-6.643686587277733,6.143819203163221,0.7652284890662837,12.892177029817551,0.28436771202917366,-1.534387534944472,3.1927786786775396,3.618859953526552
-4.88565615220854,-19.698062947698638,-9.11956745914198,-10.960267706141966,-0.9081271381204727,-7.266574846365781,-7.33390018161076,1.574527144310439,-2.916846497365686,2.5672501609234852,-5.6717854227713085,-5.695992019065299,-0.4300703148335032,14.401977689141205,1.681190514381929,-13.945333864211678,8.695037800527619,1.8274846894996815,8.711479763936147,1.546454863940316,3.5070091027593455,2.7883987682273554,-14.181737245051037,5.000004301617409,6.655078272733997,0.7839350014017796,-0.6532951069873003,-5.760786372368373,3.2661137230802177,-4.617927718684429,1.9193524861398203,9.94748906838383,7.481865025039001,2.4701622917112394,-1.0767138051529423,1.7055080334354171,7.078784535504784,-7.620000341776401,2.3736957123631353,-5.705816197107904,2.5697993097166005,-11.857500384052502,-5.271245670519933,16.968087686163393,-13.564934858871332,-7.204237962100354,-4.887031198416199,3.0277858971606086,1.852013370989436,0.9705004955469265,6.946222612008193,-10.1923364512092,-8.656903932954329,-8.532411602913395,-4.143659978592167,1.7670257012766866,-2.5789531646218373,-0.24341449673302673,20.639729843410983,18.595347133846566,11.20148640845919,-0.513728760311051,-1.2434134004153472,6.776418455724723,-21.006880366111545,4.060591262580429,5.022777857568736,-9.488688986251255,-5.688457718226741,-5.084724424794571,0.5902377032637149,-5.935995111799419,2.279706403746548,-3.9505350499871335,4.35441887673052,-4.87062812737985,-3.635016885906368,-10.763112195902282,-4.435918035217637,3.3066929815082307,4.439255382021803,-6.130060988453798,-2.6766183406312543,-0.017364406068757887,-8.26373948521925,3.4643080038227683,-17.34505934160135,-3.9355040975022133,0.9136703629688188,3.2542994721072254,1.1163226211961854,10.689749401371063,-7.881152226045867,6.226616524277348,1.0821316905028757,13.684939874709109,-3.5572504333474697,-1.81602193759632,-2.0812386797426052,6.049405246647563
-6.802803493440495,-17.406411696034045,-7.474979144048101,-12.747296029448233,-2.1059374857975923,-6.110881839601868,-5.344093404476828,-3.3580243390410374,-1.0397635604467135,0.9629684975053038,-7.684846400139833,-2.216666546508331,1.6351850215404147,12.314762527322785,-1.8893124635914256,-11.579382915381235,5.323434443358764,6.776171429012907,8.510937079862162,2.6402744698587304,2.6728822222490054,3.3691878099249046,-19.48319468487463,2.468987630235076,11.932371342449908,0.28213597329671203,1.7647530973234569,-8.499217122819093,0.6824753052255275,-5.609552310904263,-2.6410666282669433,13.167424139973374,2.078206643206311,-0.09540388510263753,1.7635222315714572,2.417177508744559,6.295108981455646,-2.50980770545565,2.5478480771117855,-4.044645340781351,6.679992817003034,-15.63693628225506,-1.0631780957030235,14.904136494864753,-11.706083930412083,-6.404843694052077,-4.716152493191319,6.7629920263764784,2.3224737800101867,1.0955971664691686,2.1032939251590776,-6.510448124014026,-10.031835916383752,-6.620325706352572,-4.279938669132318,-2.6872113607860877,-1.7537418825681206,-4.15352413137077,20.856751139123695,16.649535329713935,10.706640215347775,2.1153389383501713,-4.6568007230840545,5.991298988979827,-12.413705421798731,5.971600340433913,2.8007412725096774,-10.936244237455709,-4.706611974712691,-4.8731453697442895,0.7197835397843533,-7.033394374661685,0.7732781382087586,-4.499580245375807,7.017404975036614,-2.411305239169696,-4.450842095525063,-13.083942844381523,-2.934112586505014,3.659159319346752,5.208306068758808,-1.6070333250156343,-4.909422717108522,-3.140705921430142,-8.718132888175735,3.6952996392996784,-17.16153845447942,-1.2430084702863107,2.131810561515058,3.16471957120457,-1.2238927013323782,12.195563613913246,-8.78045508987035,7.077109282749575,1.056479017823,13.543544444262508,-9.217013827934624,-1.9970616236014505,-6.1308462973872775,9.378016664986532
-6.443025813484803,-13.482660539674727,-3.2807932294021933,-11.397354370678812,-2.075289370409574,-4.313686619632114,-5.301114080767012,-7.322347275749813,0.967174445330619,-0.6490675292117257,-6.5268874681119105,0.4614558833036275,0.40170328909294417,9.271037982509345,-5.182898414202802,-7.28617674530798,2.213612106458876,11.188344075898462,5.783189518207731,5.0423969634441415,0.8858858986568845,3.6958297002369176,-21.759674811419476,0.24428254074119374,14.01427777992935,2.152060693473807,3.235870853348147,-9.645082086370618,-2.907314744920373,-5.954554760502084,-3.801573434877392,13.674060582508575,-2.9052875129177007,-2.2716729663605406,2.828789762192148,2.130227882257854,4.915402382820354,2.512650081564292,3.1096991965219174,-2.258324094690677,9.00312026101284,-17.01372066254781,1.8745147490791396,11.285313469230763,-8.55088017667774,-6.789808495090542,-5.302421387493976,8.454058023373445,1.679318386063184,2.564005293601894,-1.06218290643639,-0.7502339336888058,-10.451590398484672,-6.566907354355692,-2.8830191191656884,-7.382481867637338,-0.2412144742217579,-7.093555986533708,16.875677128610278,13.297009883505012,9.683107978694753,3.461252904233797,-7.45269920545498,5.3617310040204655,-3.7454797753554256,7.098249769847925,0.6227530408022646,-11.17341147885947,-2.8754723805476363,-4.850263451843608,0.9958465725220862,-8.221765467402093,-0.8700602005422464,-3.403378006080753,8.499882157011216,-0.810901278503523,-2.7201832711317375,-14.565650150656252,-0.33271800314908617,7.979702476673251,6.051525703431837,2.9323094864801327,-6.815233698051179,-5.520685635765281,-7.0884047405020585,3.3710470584634855,-14.597455348756187,2.0662379173084306,4.576592736074532,2.476935822953466,-1.420627166735649,11.131119531887046,-10.101844128426654,8.200830065770216,1.4066766264562134,12.705752781367202,-14.256449069920153,-2.2114451524819505,-7.600064117126817,12.406002827065102
-4.613614533951651,-10.451070711627375,1.7003100638100634,-8.176614401056074,-0.6484883665113914,-3.1796033527603775,-8.853969714496667,-9.682559518301264,3.3337283015447383,-2.651719600357947,-2.670615228394758,2.8602997066218414,-2.5333414925050124,5.833208493593357,-6.153088660776709,-3.5317598623746917,0.20551391128202479,12.42972851386535,1.7421906565960255,8.608201876190094,-2.175634757274013,3.410264675988537,-21.040611489899558,-1.4891205035062716,12.709864544641528,5.494047286707499,2.6906093032762595,-8.85733121111753,-6.9736096139151105,-5.244823022855528,-1.950754434870933,11.014229809969985,-6.528779783499214,-3.1774878477171664,1.6070447693266132,-0.13265331448023954,4.243682229642942,5.851131004876003,3.4069103562540564,-1.4148175909820127,8.736654709206652,-16.555732579076338,3.3744336688885563,8.583421615982296,-5.067484423757102,-7.641642234036084,-6.055532843748502,8.171445209537486,1.769856234800225,3.9947392381039677,-2.3090918344945495,4.191747641745748,-9.435678033513142,-8.171517739952966,-0.4506812271587157,-11.443175346456083,1.1163434374471124,-7.95245547593318,10.753538416557957,9.947518399084348,8.513296931333347,3.81993252852641,-7.629229914912283,4.908381218463868,3.2646279734154255,6.543141350740727,-0.8468994023279612,-10.55955448035238,-0.5675612633372284,-4.905022366034025,0.1001792195944704,-8.253935085304503,-2.1300788518969673,-1.070027716269992,8.937851633179369,-0.3772291108258201,0.19450204583343997,-15.205770364297354,3.377005156549675,14.836250010611902,6.321882709094697,6.3981457273448745,-8.433186268412376,-6.2600746538469085,-3.9377507918544605,2.9579183007504004,-11.75087029758014,5.399970363485545,7.994542252707564,0.5435337358718207,-0.0016515378549586401,7.796975854820156,-11.983079790297348,8.379593968588022,2.446088085289376,11.898600095901038,-17.370124157155907,-2.0572152672582478,-6.045336926864492,13.311973696159152
-2.1682269528182663,-8.624645134840685,6.443213882180364,-4.662796955502867,1.7203802735521494,-3.8997138923371812,-14.997206292471484,-9.921500818805805,5.455920440194053,-4.885574292732759,2.700202255913208,5.7374883251965825,-4.069963709930684,2.62943781957291,-4.7115789254073395,-1.9150239164002645,1.095069433546907,9.994200108935399,-1.7685223547436282,10.990295544016792,-6.19261780540303,2.5957976962381517,-19.193889598214813,-2.4440711923175105,9.50156206977353,8.799684965667876,0.7201610941623011,-7.439624201476898,-10.430628594713228,-3.572066179933827,0.866138758152621,5.735083895545635,-8.319796074440543,-2.5491896407175854,-1.4090314144854275,-4.166004688468615,5.114684843495705,6.948530552009763,2.309804030134771,-1.957673078938433,6.649972163908167,-15.059774532250659,4.05906006718624,8.044552036278095,-1.4596279470179199,-7.076641344351156,-6.248133984150452,6.601535555942679,3.437171270353284,3.9169679672605815,-2.546079886830747,5.964990770307354,-7.600910690033823,-9.723456967033501,2.237539569960832,-14.41671207378096,1.7189189215522698,-6.861866616836136,5.047271487193834,7.04217292736738,8.110934142147872,3.6915608370952118,-4.544310953752496,4.855103814298056,7.656271615703682,4.13701450738116,-1.0762570460533096,-9.513749050382149,1.194311977853466,-4.811339964529928,-1.7665252380760657,-6.759542300687495,-2.4389707897860373,1.0867512785376614,8.162009603241719,-0.7516293857186456,2.4183568472317187,-14.542755251455821,7.052203380160046,21.12872141688855,5.063706149991745,8.172038197431679,-9.317243439476783,-6.076783101927187,-0.35428178551295875,2.9364165013549095,-10.10154030124641,8.149884088997482,11.622139760980591,-2.401178170026725,1.3451317049114389,3.704409963449849,-13.725446815456309,7.1294915740529206,3.632703938837111,11.294227437800373,-18.458438621048785,-1.2225166507558827,-2.160639594691265,11.219532732722353
0.38087216858072503,-6.430857099376919,10.617065942481748,-1.644861085055711,4.178839032787638,-6.535681316986317,-20.586857351605612,-8.319166581437633,6.031710965112425,-6.82583821800646,7.9198558928886715,9.202166228014763,-2.10201853541646,0.5064213512255726,-2.5125618544905293,-2.0568357640304384,5.277485689612927,5.590600837199915,-3.3340365643290526,10.283700163929527,-9.32528856153517,1.2831971902770034,-18.27303392640794,-2.59563495969531,6.4711659820550524,11.138958534139942,-1.3377449319024803,-7.001454860262109,-12.005508450834407,-1.4836374823548282,2.6553846706254296,-0.5922843421886044,-7.810272168653123,-0.9068696973410242,-5.061285712029803,-8.636247601238122,7.278101671194117,6.2216745981865795,-0.11751397892832394,-3.167700651484249,4.582138871849476,-12.56093448905118,4.544110069679752,9.321188522496241,2.118826806866358,-4.399646555932932,-5.693309525940049,4.451603536002107,6.195320061700294,1.878895455976321,-3.176464210681904,4.092472092665262,-6.282423492937562,-9.465123287770973,4.195428514309432,-15.864380235430747,1.4316992366918373,-4.701491244827503,1.7851469522456895,4.524052956580931,9.183041040401479,3.6426957399262303,0.6964853992207707,5.655777239757433,9.305504238405506,0.7132650490453427,-0.2251472833238557,-8.007292816569908,1.7643924417805943,-3.7824429921491225,-3.356984394450471,-4.804255800133456,-1.6715526939790015,1.230429845927387,6.518951635617106,-1.2824658968182727,2.9169159897371517,-12.452604017718238,8.624963595496148,24.073818204904065,2.257850665647944,8.269213361412408,-9.014987824298169,-6.303212891009295,2.3255669507763974,3.145572805234005,-9.94707475913588,9.217436089253034,14.45979108317744,-5.014835544934026,1.2408733311847766,0.8086397423741283,-14.606175524629535,5.332990814386415,4.547598261267997,10.134566767566934,-18.084068298518453,0.0018282255708154116,2.6668667051848227,6.942413717015652
2.5201431185970877,-2.7812938523334285,13.752134734768623,0.4235963122101394,5.5728587971243275,-9.876148552210278,-23.098461596009667,-6.0172803064441185,4.901867034963309,-7.993804590672606,11.602039431430711,12.494600494402862,3.2850259990988455,-0.00014139569709392674,-0.97166393306004,-2.4247699553566804,10.607884504209872,1.5847437392825316,-2.830624675578571,6.637118059297708,-9.235979883126447,-0.9706519487819096,-18.596467849761517,-2.4414988463488854,5.502164658070296,12.313871117541138,-2.242811479946052,-8.0789534540469,-11.24783772513377,0.4458795864094647,3.236559545279441,-5.822153224832888,-5.150805807725883,0.821623864938575,-8.071316463165353,-11.91200985088667,9.87928091468484,4.368750252205288,-2.286662067459907,-3.3614338656774403,3.7220613943774787,-8.484152149718774,4.680014652009295,11.134704834094428,4.672538183831682,-0.5997750715521994,-4.8468519956712,2.150674044979694,8.66860453332431,-1.1942974706203309,-4.551541122491897,-0.22725519938287697,-6.382663854359111,-6.830090603646864,4.92909394087623,-15.277179567057358,0.3420361953001002,-2.5275152956940845,1.6520412875955985,2.345779629353663,11.36012440372864,3.994519762977581,6.142886098688338,7.274719595942339,9.367713038188974,-2.072913636916474,1.280003613340341,-5.917838592704551,1.3911422588523514,-1.091675983765044,-3.698812922222322,-3.639733913660054,-0.23311399190625393,-1.4813180955875724,5.031414746411942,-1.451946314503358,1.7335384628104276,-9.612082795465234,6.616060760506576,22.900946673585057,-1.1685934733079237,7.074655422128274,-7.7495344559905535,-7.3764704627941935,2.828275914101621,2.9392258966370806,-10.878763710932084,7.866845552593975,15.619826702525955,-5.913811090298535,-0.16468085055608572,0.43435361064132616,-14.462887604961544,4.37530778650769,5.439890596165187,7.524046091000113,-17.087549466997704,1.1564594715851584,7.0424376803389395,2.3974877997621435
3.248785229349588,1.1004743272837523,15.25479713945644,1.1962073085617977,5.330398954679585,-12.356238592482867,-22.071371776559204,-4.416508372876924,3.183699961290926,-8.066477267444661,12.86739204221291,14.21612597723603,10.31884382118697,0.7670271842997844,-0.6287062415926382,-2.1653297358198245,14.083812159639425,-0.6288582880348161,-1.4802398358378617,1.6433283308313553,-5.2347222944825385,-4.342226047790178,-18.33275358716838,-2.2934534810182656,7.09761629820433,12.380966369987714,-1.342190313282014,-9.886978813838885,-9.203202214478551,1.8800072305505044,4.1741401397329305,-8.449007004951397,-1.4349823943430593,1.9709458793111292,-9.87945737480499,-12.745132464842564,12.083118624243697,2.1826045556499416,-2.8090381824765003,-1.3298047137895908,3.7449788858155926,-2.7062074880554183,3.976537279441075,12.28617358113012,4.947909035662803,3.014960426543804,-4.324706347162714,-0.28634283504371183,9.710086822604197,-3.5621814950991912,-5.500848091369555,-4.985447711679845,-7.724543714937861,-2.4965616111721993,4.909075381130213,-12.505826790076696,-1.4030983915748605,-0.9542892515362161,3.8176907229400046,0.3986568401962227,13.281095109495011,4.7370102426168845,9.998334894585012,8.724772053214007,9.736007610707732,-2.5479423661197256,3.1800301979358023,-3.3774274587870385,0.7196989421431215,2.6981422457164213,-2.8330212551301983,-3.1576305091602923,1.139997765567152,-5.969853598556586,4.8006903998727,-1.108985095824865,-0.6219998374473474,-7.081057233910823,1.6888458116376068,19.003179665655253,-4.0985170658740095,5.228060068766515,-6.146965739316652,-8.380918115388656,0.6665308443656894,2.0879596715956232,-12.134409323813504,5.113535957206172,14.73190436666329,-4.813971898275986,-1.7073584427189896,2.39797052726723,-13.476229341359407,4.66591986385975,6.36329128348308,3.521608474873255,-16.212093152414432,1.916814111124487,9.890529657302368,-0.7236204691978934
1.7943413759404294,2.443838423957389,15.043817604789028,0.9003690620225244,3.763363916510329,-13.088020221080253,-18.128024163375667,-4.327083682643309,1.9816661553494215,-6.627143154640945,11.330298121628084,12.983602790536025,16.60820348199591,1.9583655722497735,-1.4481308299716986,-1.7981246579260006,13.9008261136611,-1.0981999464453067,-0.5369279523168646,-2.561212171837098,0.9927809170242519,-7.815476150585471,-15.215041188996546,-1.5585629328569655,9.647665500853147,11.36337142123385,1.2037463620841002,-11.16299386223504,-7.625151988479636,2.771354429287125,6.964179901969837,-8.410482291052492,2.1461140492180455,2.6163649769698396,-10.618242593052333,-10.822102970402103,13.220292970908025,0.12613855354653944,-1.7338198382473191,2.213883148540796,3.4452253469142775,3.600652394534661,2.414367691051907,12.409832267496707,2.6701779312864518,5.531916107108122,-4.608141339600931,-2.8857364076202994,9.359213700175196,-3.8412404644812828,-4.457931644577638,-8.385048132617559,-9.374012992514121,1.9216299606433456,4.8492797158601375,-7.96170870242584,-3.2347578706569995,0.22474345828992998,6.818646838728373,-1.1670783928266575,13.5630690641655,5.733788830080548,11.054125719029471,8.743633853250975,11.266584967294795,-0.26392635396601705,4.943047911030211,-0.6495503776370857,0.3396852792896694,5.862667035357568,-1.7288147089985908,-2.3766123270647284,1.9676175662966382,-10.050645377346974,5.752869602818021,-0.38033594004297067,-3.5960403011972817,-5.614359664648296,-3.507914599136682,14.676248019660324,-5.834285776345961,3.430238748313427,-4.770973845482267,-8.021123409815942,-3.2725992745673285,1.030338396278185,-12.839540558580062,3.025155028660979,12.309744767426714,-2.71546301927784,-2.765315212825226,4.753452391667698,-12.027000904898355,5.417590146014745,6.703909166142366,-0.5309152903438825,-15.831840596028742,2.062948750270549,10.975103451927998,-1.8192102140515414
-1.0720505900491095,-0.36364378110296425,13.868806640730645,0.33709053957893964,1.2551450245335136,-12.238741195823247,-12.071185300918065,-5.362570480493442,1.741457137607706,-3.3636010206723093,7.550891651447443,8.393140219497845,20.070529434212066,2.861695805496307,-2.8575431367304116,-2.340557762529272,9.963518299230653,-0.5552517151412029,-0.17403691180174052,-4.402305514864793,6.532616024263813,-9.652702034780875,-8.870515931989493,0.49795570233503406,10.860006660404196,9.391564351580978,4.650891987771182,-11.336645229824956,-7.46913683716306,3.229640947463856,11.66373894321425,-6.764450483484968,4.730131836802894,3.472232764439041,-10.16833930501714,-6.934205848900023,12.697069676483322,-2.0894218282488612,0.041275133745217296,5.347862208169058,1.9323149920766196,8.498020402556904,0.7963234021902501,11.991334326292174,-1.3849120223145022,6.456080361761376,-5.817767179198925,-4.852874199366617,8.525987689146369,-1.9244844296694805,-0.853516758061561,-9.535818493502745,-9.834699312339355,4.675045370753219,5.052863036229825,-2.6013524980916642,-3.884475894858626,1.392165024458834,9.60882409351493,-1.683506628352097,11.557607554698993,6.6264226282792205,9.153653460031155,6.871702584919581,12.86937257947618,3.3028165008483463,5.637232540839949,2.165880536770403,0.5599954884741014,6.974457057777486,-1.4921056849135979,-0.9783340168754662,2.3528222107898307,-11.78007535154913,6.333727964194868,0.2793580607795709,-6.395757860169094,-5.526613778760375,-6.202810855683101,11.617761977651913,-6.198186958778592,2.113719618403528,-3.915145980472164,-6.021793150327274,-7.293058132179745,0.17286719852336985,-12.491083641923854,2.466133741059326,9.448415405693924,-0.9468548854592007,-3.733381852462272,5.186523205274767,-10.67528710431287,5.732839534746118,6.084182144768256,-3.131886330365189,-15.587055484439759,1.618156105727961,11.305811155186783,-1.5006279392030288
-3.4534138534296437,-6.0460530227205735,12.858605950839438,-0.017195659524579465,-1.7475026377295162,-10.433206988845082,-5.194145387468635,-6.529745936773276,2.231580098970851,1.0634033609968156,3.1285345321981755,1.5590396214408284,19.620711560080128,3.1977167605660375,-4.03887055362855,-4.3567598315140925,3.741636267631935,0.2802505883271671,0.25614944960346725,-3.8121322847905774,9.275483683014722,-8.947836513177615,-1.4726267858938948,3.6810917641951804,10.102218955316161,6.896438257027523,8.145752627193616,-10.684848030645544,-8.212731426138813,3.1176597684242395,16.60619720884154,-4.981609356709821,5.410593523863366,5.1131130794163955,-8.256177918325019,-2.606271117846797,10.373876334288418,-4.370863764545288,1.6702524497232747,6.741721773753231,-0.6976875965879148,10.5934979450677,0.3512021609566891,12.011950622589433,-5.969117428682597,6.134682936270456,-7.252563218638549,-4.830235710873335,7.972533265185672,1.0965793925983327,4.058556891935262,-8.52512871407076,-7.732739748494562,5.197305771055486,5.442047329047908,2.394443565044281,-1.9230037500984833,2.428795069290233,11.906262034418972,-0.6997593717068575,7.747029131004043,6.790181953762187,5.347728563632925,3.817407877811942,13.065687509376145,5.6551055917404645,4.529153458720865,5.167892498061895,1.0178432523776615,5.7827560791077195,-2.2755473427753397,0.3437763422049187,2.530264413853036,-10.374584179717253,5.1411400485124785,0.11914738439970562,-7.784084118295151,-6.596708229339437,-5.282860135268287,10.266452867955998,-5.23928022441622,1.4710993353764037,-3.5061098992408715,-3.6516089795461135,-9.943598970548745,-0.44795318069435175,-11.433456903306775,2.361682502826292,7.034516691866974,-0.08191799472529124,-4.997127611797484,3.1230525755296883,-9.448407934039437,5.442250559857261,4.925172686660744,-4.11987444659584,-14.265229864789156,0.9165493889071105,12.057430145242773,-1.1367564337516622
-4.405830558832728,-11.502520074970288,12.684730136157578,-0.4314660971720983,-4.261382163057956,-8.108263193608803,0.67941583747265,-7.314728067812116,2.756337619356518,4.850179229756659,-0.4392547821116981,-5.497213707467642,15.961238146253832,3.1354399324941538,-4.39158375831113,-7.568231509874128,-2.3016357315453293,0.6505205363470052,1.5300903885571682,-1.7274213682356072,9.353463649455428,-6.601430858226398,4.083285043300308,7.017204314858707,8.486167199375206,4.776562185688234,10.954865346934625,-9.446031714020478,-8.39969541772805,2.064547575149283,19.16004126342224,-4.306916477229848,3.5387167380132603,6.943938266916869,-5.266486328460309,0.5152470467473733,6.990943583338506,-5.203366462986433,2.752268000390157,6.248818456756723,-3.538513332951859,9.832635468744009,1.6560493614333116,12.940246314380374,-9.762011935665367,5.637271378741355,-7.686092504566083,-2.6576398071003497,7.860717182814532,3.735993022448099,7.814214299006971,-6.031575650154879,-3.213310494134362,4.35115060074267,5.4998094907455215,6.244699799549658,3.1337420322674645,2.99162877481892,13.7545731845668,1.3531619570397795,3.835050199341183,6.139419785159122,0.9547749846283871,1.0230030844061635,11.91410473832798,5.21668127377578,1.8216441511480665,7.915769208373982,0.859033765147541,3.0446923770044196,-3.049255528792386,0.9207297035146649,2.3954004955267933,-6.630871779340668,2.5718902895195797,-1.3821434531578696,-6.682223999723505,-7.774515330495424,-1.463365864683254,10.100988610104558,-3.3041484766654072,1.6701762804549483,-3.3193721366371816,-2.7976233100890404,-10.437269810458677,-0.7907526433846401,-10.570142544783169,1.1911886256456592,5.36410082771963,0.16238015501804107,-6.124527523044823,0.12914260323310245,-7.304560472362506,5.0353685546288345,3.8654541941141423,-4.744738711116489,-11.031497793118321,0.4199579378978173,13.160801624288922,-1.8883882802364833
-4.893602991116101,-14.444502176597327,13.14511404831482,-1.357866140895118,-5.4846598982789025,-5.617421777335032,4.446967416034487,-7.883296868777255,2.5471469999388576,6.091289115811424,-2.6662223279648085,-10.946369811532959,11.623976149470774,3.0432932838341236,-3.7161860695610103,-10.703035716095878,-6.24781535759476,0.1716210144110315,3.750897883918149,0.9704947795547847,8.49699363501794,-4.860184421528475,6.372811987682203,9.545785255468006,7.1033517819764445,4.104408372994161,12.534793869860449,-7.584557331309544,-6.784808276119051,0.16859980860023577,17.75520332639954,-5.116084386794157,-0.518740894970652,7.280702344348229,-2.1790538715667545,1.403601374045042,3.850899625375528,-2.9013676808207087,3.650702871604081,4.5433836659733675,-5.775826330590817,7.314817103332614,4.163352396563257,13.781710326365765,-11.900909953234477,5.229350631725944,-6.700952674995185,0.002806180597097696,8.087397172298807,4.864941603076494,8.799774743906719,-2.7408398764079056,1.910081790598169,2.9375316317827904,4.40729901911894,8.712875980440655,10.216296594571306,3.016730389063171,14.818810260610789,3.5339502972424732,1.8472480082543932,5.948262385265995,-3.1396272696677325,-0.40699686243841304,10.49001234307947,2.3782810869236863,-0.8768988656261385,9.089533436266247,-0.3802215875652215,0.014553921626807798,-2.999484664996971,1.0277687168064364,1.7547170789398123,-2.312568993278388,0.32201874840586797,-3.9212349188031492,-3.28500302601744,-7.890858592197719,3.512147906815672,10.456369143919636,-1.0852587534977958,2.852557859117254,-3.217935011059458,-4.2021199023576745,-8.79818258645995,-0.5342252444358606,-10.216068788012223,-1.2394472567653665,4.117626066530088,0.22328018776419992,-6.427945222677971,-1.7400584750137496,-3.247358063865915,4.928786026763348,3.288931043919583,-6.089024875363231,-6.778727892080357,0.5912572944397465,13.618183638073083,-4.031420032046993
-6.638566690447356,-14.973816757068391,13.31703775782462,-2.9277846838293016,-5.606409219164756,-3.307513787901147,6.723200801257013,-8.600432046367775,1.32839641227257,4.028449125733545,-3.4792649325453926,-13.813886133027193,9.533849657404106,3.23991329679122,-2.480355207829173,-11.891865704345811,-7.466232109813183,-0.5508377752459395,5.783589926305986,3.416746083011782,7.870724153832046,-5.742360360403601,5.825101275713589,10.783854009012643,6.1979959200617945,5.005548522290188,12.821804054440188,-5.395647252501728,-3.366371568811928,-1.4907202353186466,13.626583848397495,-6.826497664680822,-5.70676182873922,4.902013137333522,0.06483721186005553,0.34836485275271856,2.0485120157050227,2.5734902266487674,5.293925787886247,2.6580278805508812,-7.6246443716579835,4.559984141439541,6.965554263367049,12.82539516926505,-12.269016305822449,3.7013750607114537,-5.257677719807489,1.3540898533902377,8.647483942712636,4.007289112062079,7.257980043776261,0.9800091662500541,5.489215616257677,0.6545727154365908,1.8774087444973342,9.651812559556836,17.246227101434123,2.64010249730475,14.528849254228287,5.0917311530197145,2.6987297311995824,7.992840695891169,-6.000793869219918,-0.48624865764602054,8.999616430235722,-1.0687206595272647,-1.493659594924872,7.770187898853417,-2.15872240497239,-2.1011939502377706,-2.5091983495072716,1.4623201450873733,0.7057893965835542,1.0438295241136686,-0.606667441651811,-6.320672555174886,0.7495914762997105,-6.903854642901052,7.5232424165984115,11.077456864794566,0.9534948784791357,4.843913190336446,-3.3325177985280208,-6.815986767788933,-5.984656209949643,0.5064612997072996,-9.62827352497291,-3.651772159350741,2.5471733719900405,0.24236491909767446,-6.006974208153871,-1.740725651054741,2.1137910603623817,4.8649716686373115,3.3614255337056367,-7.921859207574256,-3.6268391872013437,1.659937955483926,12.786696285961355,-6.863327568121194
-10.701753305887843,-14.860867747636066,12.096859731012305,-4.743721510614737,-5.194309507765224,-1.2371530123671661,8.83290799249572,-9.634189388909213,-0.5835601700010125,-0.684443165187961,-3.0328988306007805,-14.177765138331614,11.12024511449981,3.821468158770296,-1.7474072535703247,-9.691815432522107,-5.967964832779625,-0.4789601511550927,5.914195760425239,4.571637930592645,6.867121233782641,-9.539567498170369,3.6794406675491924,10.631237557131591,5.4806353350317885,6.156953135440728,12.07335599215971,-3.7108637978355286,0.5252025151385329,-1.4122822748757193,9.884542540907837,-8.506184081684324,-11.078378734893882,0.44061035759135736,1.0332075573359827,-1.486800510146793,2.1383146455394693,9.347612410483787,8.091469442359688,1.3934735271937488,-10.113526545120479,2.830798748058281,9.590347617591666,9.282115469683376,-11.246188887714347,-0.023719666648391563,-4.201024712941354,1.0353237557229709,9.472490188720844,1.4303463066077815,4.359524673728449,4.760664486439606,6.332131309244101,-2.8411103000926494,-1.2584719656514836,8.707575144955591,22.21373275693774,1.7362269146386071,13.00673652546438,5.709758198440603,5.664155671786831,12.400103631412668,-6.765249975063818,-0.2425105860922816,6.594977947298239,-3.3126447383959174,0.9353729721330408,4.436251221601036,-3.259611837692235,-2.570207623171053,-2.0740396114990025,2.45884036270097,-0.5972107581884565,2.7534332706299627,-0.6043371883359794,-7.374998210034325,3.676081376893923,-5.858529330937168,9.041963103291042,11.886722518754066,2.894097193424634,6.766552879657369,-4.101936273054725,-8.866877440807718,-3.4191119541238084,1.7385554168853896,-7.670482581043075,-4.798925842697027,0.2730587563139819,0.1677732723947286,-5.847041504738376,-0.7387026327184332,6.789489574254146,4.234106206939307,3.9788010585751605,-9.439978973455432,-3.1485357762428663,3.1350381219410965,11.19452027605541,-9.12449181572053
-16.650875606151025,-15.408347098973323,8.844579177905178,-5.562540860735107,-4.248069980525578,0.9923913760376086,10.914861855870857,-10.592829750898542,-2.9444250922377697,-6.451071056965834,-2.3243708231875813,-12.869879037080123,15.108274693428658,4.518871074274307,-2.2944975554865668,-4.067408235057979,-2.4270759496739753,0.7892897056051678,3.4596400087348784,4.156624895024657,4.358323456370602,-14.719471745479375,1.1762413071134468,9.148796575470193,4.379114127538567,5.854558584885637,10.096162585445574,-3.195511697361994,3.4898301317392573,1.1227368624426244,8.58666680696566,-9.450714451711828,-15.675417139006154,-3.7161911104524528,1.1260824286113724,-3.355974108680325,3.913684931664915,14.58413144655222,11.412360822592976,0.6812731768595168,-13.648661194698665,2.4138721057871244,11.951870039293937,4.1650818991295395,-9.505022129481382,-5.178143530249361,-2.628431103045963,-0.22535985110649437,10.232876443624049,-1.5766425889093525,1.5398527577455612,7.929671429639649,4.693278573046043,-6.598302326551198,-3.713116439726276,5.793816596556805,23.99622821741326,-0.15075819598458767,11.432593793097555,5.442409558420154,9.122747995665122,16.90130356790553,-5.656306891698723,-0.8771046162019327,2.814944288276583,-3.547298448456904,6.1282957726074505,0.13903496490635392,-2.8135474935870985,-1.458072807111173,-1.6832888907534205,3.460224685219738,-2.0361307708146335,2.9536993965982954,-0.2593257641804544,-6.97291607015909,5.1606727198088755,-5.733904389974641,8.202455846030784,12.774780622999732,5.019684710183904,7.221314453936371,-5.801571662493037,-8.951208331828388,-2.2202317217037524,2.10003850128633,-3.829552354223443,-4.545335738116369,-2.1271321083988806,0.21147924164039789,-6.867969875987797,-0.1751022712332877,9.065095584576506,2.65247308961738,4.804956474092351,-10.328443337487009,-4.6189468681647,4.020998037939797,10.126829314428182,-10.186422696730594
-22.12398786159176,-16.05483943330887,3.7647678050287476,-3.7627403063624056,-2.7037056049031367,3.6670510448989706,11.547511503081639,-10.622635886712715,-5.89551671108552,-11.417090442402634,-2.530781239130347,-10.923272925078019,18.067084747307113,4.844202833072963,-3.994046412738561,3.296871436334989,1.3731785486144985,2.296502071998054,-0.6652390651599936,3.1240941668262256,0.6255214522027166,-18.964678121978295,-0.34587261837362515,6.565056311914709,2.3263713699023985,3.340797878915031,6.257825939905235,-3.555008196833038,5.159707117668033,5.43709477192483,9.16894552728974,-9.353902388531218,-18.229946588670398,-5.001194626642265,1.3160190582016105,-5.456253821273362,6.261330037690492,15.953863374660077,14.306774105892163,-0.32993791618672264,-17.172108997400414,2.6553827655466504,13.788984502897794,-0.2843330335578571,-7.926211305134381,-9.642455315330748,1.094698466762058,-1.7381160076937836,10.384523344173385,-2.8713287818580007,0.4981599855943477,9.804490907915593,2.003352326432309,-8.884417409566016,-4.972281914116115,1.8719138451309627,22.557204491319556,-3.200791442252422,10.924919639326838,4.697665611640684,11.773139478312336,18.44762017684021,-3.732757607457195,-2.6198975035863343,-1.6406412676475801,-2.2600796200461986,12.7784253847899,-4.250589231678762,-1.0367764879806378,0.613518794565318,-1.5829165911840892,3.7093071380277527,-3.116554351727773,2.4131492098400327,0.33620575547048626,-6.0319264330394535,6.167658705099406,-6.555197312447285,6.723958101808367,13.603308393801125,7.388657388440922,5.2421714983769245,-8.182847969382147,-6.240440940033553,-2.533272366294217,0.98559482032462,1.0381979559564716,-3.37692770975853,-3.8782832178291677,0.8516262837302202,-8.931545676576647,-0.6175634587172967,8.89051327345727,0.14107023903380966,5.505365578874051,-10.765941470237557,-5.331450788988444,3.638126737129075,10.165537170426646,-10.697800384241708
-24.02245359344557,-15.183898261128508,-2.03166449695844,0.8708433740658834,-1.4793256660112615,6.202476732116851,9.628314854742857,-9.143614261451054,-9.289347639715126,-14.422397237604269,-3.822088155969193,-9.198641439725062,17.06299444829772,4.502083884302802,-6.081896905764673,9.787877395112556,3.106562816598752,2.2064832724588825,-5.050337601666341,2.279133508722837,-3.062708975119563,-20.490128884991094,0.22793597373337704,3.1923708753836295,-0.677630955402432,-0.9381264785702133,0.22192277523704362,-3.8798150955370554,6.034195734545167,9.664516885874928,9.447598592024828,-8.158477227196272,-17.641381943381152,-2.490028601806449,2.1131428961303964,-8.260990580317564,7.525606231502809,13.221335100787776,16.139625722645185,-2.3409697196869184,-19.248567313945657,2.931259738494339,14.437311472712729,-2.3578143625098633,-7.268734135988032,-11.610303983586634,6.704864707070757,-3.180998027530139,9.318196026667183,-1.0653352796393483,2.353761240578658,10.095361726106882,-0.0970593810540814,-8.669258663780887,-5.605000484775527,-1.0792041227516493,18.76800743257775,-6.827245875562972,11.186487541897813,4.000971275230628,12.894324956413001,15.423927953065718,-1.3235610609851722,-4.710921660829972,-5.5682559996527194,-0.8970371363538927,18.419137185236337,-7.705280786288602,1.068916471084992,3.0095515455059267,-2.072194593245574,2.855047607009449,-3.0385885352948465,2.118227169854643,1.198522989318378,-5.169122764416381,7.384303980813104,-7.467323289459176,6.382844208349075,13.64789096382177,9.57440369759435,1.1858633319551601,-10.70733827967464,-0.8897800741349844,-3.237784377883578,-1.54719444939472,5.061483035184612,-1.7493799661878597,-5.0311804865205305,2.185118945148854,-10.894814313572768,-1.1229200591651955,7.916493721105976,-2.775901599922461,5.475915926103464,-11.020529518571728,-3.2498143013422993,2.0419132948490515,10.68655581280058,-11.346956540870067
-21.224254330844367,-12.162484647920138,-6.759921938887215,6.460575312838287,-1.797929718788085,7.635856283899035,5.928578221848438,-6.303758999261458,-12.149182824434078,-15.46539026487575,-5.516923190698827,-7.877588070877744,12.026940329156133,3.449032392651241,-7.719161814778433,13.371179236847848,1.4543369053857935,-0.16690617763601256,-8.771087193392077,1.1567909367149452,-6.21808411279291,-19.208160585804578,2.472096393312019,-0.7194421630593295,-3.840242810804085,-5.696587468265523,-7.474037170731994,-3.633719906356936,6.685025680065862,11.626670185720123,7.657649245560032,-5.953258202960811,-13.679047833668466,2.454874183291108,3.017188060172275,-11.655466123427082,6.3392499535550195,8.493543261021957,16.479451440842855,-5.056017448434589,-19.50171238127392,2.8321208020612763,13.656691585105374,-2.342275634083707,-7.90173212688196,-10.747212378617101,11.499916340651575,-4.3262424297547355,6.788227139143748,3.1350132972361853,6.625610207963742,9.103889521156935,-0.9931704625752809,-6.082768499230442,-6.434105015714337,-1.323751813916477,14.057244585922424,-9.750054717244183,10.94070697260478,3.451726090485918,11.832899078378482,8.661752488484328,1.9765996378869624,-6.273186255633761,-8.137711988692645,-0.933000095315438,20.4768291597384,-9.139865318552232,2.482550567112859,4.970194362396826,-2.7120500182409906,1.1612407982533495,-1.4969792757184086,2.605131228763676,2.081340040569121,-4.035206118871311,8.392481585756826,-7.482775026032804,7.451813214520746,11.059445387728465,10.876091780475692,-3.170253677530547,-12.942551587519414,5.462272725304496,-2.9121663389618515,-5.081422080308836,6.736249690188384,-0.20246412253679935,-6.1624522570544515,3.7763521385021557,-12.14795363242549,-0.22771160615822073,8.085617871969552,-5.165240634640191,4.009396051945184,-11.136570719822092,1.2282401041311939,0.08444887512521385,11.005725975259814,-11.656671020298665
-15.573737685351865,-8.027523699434283,-9.024666861798622,10.726481952597052,-3.7200080519059853,7.735929269306762,2.4513061736161013,-2.7097331923551504,-13.186358423671065,-15.000230196874725,-7.079343138118221,-6.0040650280073296,5.281181823067204,1.6952410210445374,-8.343128356269844,13.675738773331265,-2.499820757935179,-3.2932095737368554,-11.064684655362155,-0.9521184037966961,-9.17539377917563,-16.549826091740357,4.540467497198919,-5.123458597117384,-6.010553021037402,-9.133484343997575,-15.139532617922505,-2.7342493869954696,6.721332759427575,10.297063907111227,3.5324837990153366,-3.351892435124907,-7.349534643540023,7.044681113931671,2.990876574965932,-14.697688209286278,2.5500981429406773,4.352898259901979,15.081198069308739,-7.147408346760747,-18.42237508923776,1.736707522251206,12.069199451609025,-2.1582859828203986,-9.783377133388186,-8.1059469608593,13.034640418320775,-4.866572122576768,3.422125092182821,7.654590196779166,11.440300350962776,7.646210330267245,-1.2114481781173225,-1.9937757614619223,-7.670474008331225,0.9558652631464188,9.912270098306779,-10.92209523911433,9.5614839559726,2.5716171881484264,8.323312124114512,0.7389291620321643,5.781671791858842,-6.523216759466424,-8.845614322869599,-2.802895780678586,17.991047996382044,-8.296632342877132,2.6655830044486057,5.219533066632183,-2.969190572808718,-0.881425742362266,0.765285119326248,3.709113420108893,2.3474386661684905,-2.2494019733726414,8.55669949380041,-6.278066202947693,8.715658702626163,3.884389636074312,11.128506101026776,-5.607909930363741,-14.784070542444839,10.5584248693897,-1.2121022123755174,-9.055419178822559,5.990693514322372,0.7142393955551916,-7.512173678331823,5.108110122395716,-13.424526752843732,2.19470679312155,10.123576725768041,-6.036119501676478,1.6016315524531786,-10.69396665724094,5.857712779405075,-1.1825074363288444,11.179213393317731,-10.721171171924905
-10.036033081366394,-4.011707880171562,-8.700803883862575,12.598918336861262,-5.855825062284088,7.0278125706489725,0.8781713576628745,0.7817687688641524,-11.845990773425147,-13.158463654471468,-8.387582743627917,-2.3832512126940997,-0.5526352791354654,-0.47868375371240557,-8.096428693313788,11.903718008345079,-5.963301703508476,-4.87747569652549,-11.356669379048999,-3.8977719733044363,-12.056704478931088,-13.967242911407682,5.444550649989496,-9.89722946670716,-6.3885970220726715,-9.747103679838277,-20.3896920402008,-0.9854161443372176,4.857423450776197,6.7491345072597815,-1.7319752522440037,-1.6999706607379212,-0.7649224485612294,8.900274524120071,1.235076212204767,-16.13787606963825,-2.4461785000025795,1.937571001527738,12.315594392336411,-7.207325261427219,-16.570046833829057,-0.9474425130610048,10.279738362028823,-3.4330935135552743,-12.23591882504802,-4.94971850955183,11.767531826876407,-4.443363630183994,0.6725761355212052,10.639091197301761,14.643670449943304,6.494673183322187,-1.3805022397300974,2.4419203440404083,-9.146155608143072,3.4938921939010132,7.442275490914962,-10.512160812285344,7.767016111897514,0.8046304680976997,3.2455456968627914,-5.6691719368339815,8.681437007345444,-5.015252786794056,-7.216232511949594,-5.540511470827143,12.243489564084177,-6.106640966787872,1.779610966548959,2.6790730408581647,-3.213453419298071,-3.1711951196666495,2.3604211072563794,4.8873864563178655,1.2296443489618696,-0.5121513296442373,8.021739008411473,-4.577021887028418,9.017394160212875,-7.444378352859813,11.174349805436561,-5.086562327145126,-16.1600113577066,13.349561893698969,1.2229978202081524,-12.958983420452599,3.8899625521997425,0.9067070931993435,-8.857183640723946,5.845483933931405,-15.243142466749616,4.164444462838654,13.2506844767857,-4.948412979334743,0.08622144528290665,-9.13947529092654,8.286469359821265,-1.7622434501084163,11.43019379219322,-8.488496706005106
-6.378012784095868,-0.5056929950632849,-6.688276853165773,12.325998646676458,-6.342467721307607,6.124449431923312,1.726677922184125,3.192162674902626,-8.564538745600183,-10.086490025291251,-9.173792965344786,2.7520395101688706,-3.937768342468771,-2.146426407358393,-7.9844403554823336,9.667136838588807,-6.8551029416118725,-3.866225227626791,-10.038043708759348,-6.900507559395186,-14.439766775282608,-11.937308585031083,6.249054110913195,-14.212519496253154,-5.13005913066757,-7.48075565561054,-21.473111547942842,1.7192686165709752,0.7143884864415319,3.312029932111135,-5.978538760351135,-2.293950234357974,3.669807066646378,7.482708053013981,-2.1747960845021685,-15.439076314411942,-6.563002824834452,0.6262365514295816,9.023232193983269,-4.8773139628596285,-14.741193216459486,-5.179144144544006,8.206596962711561,-5.811456318262653,-13.955958661459691,-1.834437444508398,10.105162936020239,-2.949764773841133,-0.15190576232206077,11.5090732750305,14.832656691281779,5.923807310892255,-1.515383444396572,5.978768740915054,-10.795806366549819,4.05641787311557,6.988925763798258,-9.547625754128639,6.889381645104554,-2.014438371320173,-1.5874130056850246,-9.160730668253949,9.20209940423975,-2.4740467299755764,-3.004232096295426,-7.509677320754684,6.355068087825144,-3.9067524896972294,0.4216473579789968,-2.1629572796922467,-4.229911069885727,-5.8299922693851824,2.4101249681468633,5.507481090499987,-1.4460765201570018,-0.02037899995174275,7.4461846271064696,-3.4878249379501804,8.2961263734765,-19.156991469698646,12.05300736843184,-2.532490546960669,-16.50202960358833,14.628487957175947,3.9264657065002755,-16.14687736553786,1.615075728841414,0.4279179032278959,-9.765215939139322,5.896075935090103,-16.4463054755242,3.260978087832506,15.90862728887537,-2.428900521250582,0.6294821198309251,-6.652205127473687,7.932773179623163,-2.7164744914161276,11.462224450371309,-5.803546507242423
-4.573682052550538,2.5787849615650718,-4.201718042726475,10.91494202933108,-4.352132785133419,5.340082542615992,4.167221870696357,3.8971383832530675,-4.1080416849349035,-6.657956619379817,-8.759441902597462,7.157176094114719,-5.27199591226772,-2.145172328562423,-8.85742538363441,7.7944055918637885,-5.374443003461886,-1.2704496398156226,-8.22298084518156,-8.9452451857343,-15.63819040137661,-10.14026782331302,8.379425562700076,-16.74311965633649,-3.4779834089786443,-3.7968347611491335,-18.54261392856393,4.940364453856843,-4.111154087409632,1.8203228631674744,-7.438346969298547,-5.192169434845819,4.428522192149132,3.782761245032842,-6.2819970158958816,-13.318225273279037,-8.527860311005856,-0.9946068987132772,6.001961781792318,-0.9167456823318489,-14.040772601680981,-9.750661866534275,5.580611160088092,-7.526232472441157,-13.958266810598891,1.2946389124923425,9.37424735318835,-0.7704019435741456,1.0561644036990243,11.030161686378642,11.993918950111562,5.896596021296817,-1.304700235364495,7.362595578684259,-12.602495839347991,2.584399025815221,7.881400075512262,-9.017203944540569,7.557700239810601,-5.310806746641124,-4.3812890665322035,-9.737242406302137,6.4557868750653125,-0.6332851462223856,3.1467997234302336,-7.626629945277529,3.4464208585681178,-2.4162863243923027,-0.738813323765148,-7.236031080804636,-5.855393522070954,-8.542933801524121,1.315627247747443,5.032796155065222,-4.884899689481568,-0.8037010915492564,7.213655178163556,-3.395859074776177,7.013097350238483,-26.639997711125492,13.548357220704306,0.17859844885498521,-15.032819811831631,15.704518164145544,7.07912579283946,-17.51517293809605,-0.07154228283103858,-0.933601003911313,-9.901890106863489,5.484001473906526,-14.990483914806692,-0.8438844683815558,16.613947135969845,0.6096063957484836,2.315392949391877,-4.570621720786768,6.451969501989369,-4.300425083478125,10.812917763562837,-3.5479498900853406
-3.849334562540024,5.762157624122368,-2.0619197409030257,9.43684989502802,-0.7500178940369349,4.6357512872122735,6.395607269215709,3.0145496616834224,0.8932479618314053,-4.335323680829886,-6.233997043374485,7.9635844048821225,-6.573801211155491,-0.256404300723168,-10.167109137590202,6.116353515190785,-3.2652793765868227,0.73939745982181,-6.867126863674899,-9.358088986841544,-15.255212767803009,-8.056673830094866,11.505045571419652,-16.668302813451362,-2.8410082743437908,-0.6375390661737264,-13.656366229040687,7.9994316571591995,-7.4270604542026515,2.5587253948484836,-6.240355198769058,-8.79892197937441,1.6063733109760179,-0.709302922750775,-9.859155039537065,-11.058472278532935,-8.39068031639053,-3.6082849480402928,3.820895827283027,3.5751612529209216,-14.847302816862864,-12.31944976340196,2.7276165147337377,-7.387052044277415,-12.13216619493475,4.546377946295238,9.166529248348684,1.4923255500646408,2.817998860173613,9.95022258216105,7.302753917121254,6.571686248904336,-0.8038867861762444,6.07570298371854,-14.117663536724773,0.9367172534198429,8.780511260727724,-9.209532820080511,8.750837044867158,-7.841668643494701,-4.445255070332925,-8.195678664507433,0.6673577481616837,-0.6732993566762486,9.331040958447998,-6.181351106684945,3.809910963332225,-1.6612476368802418,-1.0648264129261928,-10.54626952140688,-6.541034974101306,-10.42142064500975,0.20021478165071072,3.512763751155548,-7.6062559143226265,-1.5510540174585348,7.175953196300344,-3.8262486897205132,5.302937252932828,-27.709867523495447,14.078062899524776,1.6353436774611003,-11.418355755750621,16.729034050083037,10.745711006098123,-16.00673082671427,-0.8079107739545286,-2.939645633734159,-9.464943320643702,4.916186959230128,-9.886539828030035,-5.69323386859438,14.70506389759994,3.6174842878944222,3.072881750187182,-4.842109394093521,5.815191649709817,-5.202676951588619,9.522814490756115,-2.018905612252107
-3.666272779641198,9.867268194619731,-0.5939917128498058,8.488907984397695,2.6603117425331373,4.028295171903992,6.895750205951278,1.1750812695700494,5.617734172960958,-3.876246794341239,-1.3663607843071146,4.3038363626504434,-9.245479983417894,2.430672012621723,-10.119956220290216,4.171144887459203,-1.8356939138026016,0.9085501238484586,-6.110918763769501,-8.697401265900265,-13.720305149618913,-5.3153530720088655,13.744479431272074,-14.239396023251606,-3.6426672193501775,0.5032367503189965,-9.552620681322871,10.246412517193889,-8.346684395440015,4.449917576091524,-4.216592161986643,-10.885500209325894,-3.49606059011962,-4.350018172365427,-11.90824785348028,-9.532730193576912,-6.887554163733597,-6.287288804593966,2.47461546434526,7.457474192965148,-15.886505060217253,-11.157862815831571,0.625382621278912,-5.342048240406471,-8.830602914686503,7.714941240430296,9.018888690779454,3.5685128525523684,2.745086186146926,7.8999446620225235,2.205419208942736,8.293862699448669,-0.46933717309907497,3.175043206523009,-14.36157857986153,0.897908554206565,8.486856360070007,-9.517436556855866,8.241349803820368,-8.480391658053708,-3.098879914549749,-5.814037045081342,-6.295308702585322,-1.9165021051710847,13.383006607091005,-4.633119112965344,4.687870070700503,-1.5347948282457826,-0.3019098273383918,-11.585906161315698,-4.803204366607653,-10.547525399211882,-0.4739791325265683,1.9286432138673162,-8.274668547317097,-0.9030160772926461,6.864731405056615,-4.050005737712985,3.213618808758294,-23.496477057956362,12.291359282817227,1.3881141447198555,-5.723645900751608,16.67520061163812,13.88718863315198,-11.818569427660503,-0.5208366991168587,-4.629574014989017,-9.18107185028315,4.041067356409883,-2.413747928170765,-7.912427706535565,10.672536068475102,6.116250890899181,1.4806993459935702,-8.609747661865129,6.224168597521022,-4.539858054178758,7.978159293302993,-1.2570632018249341
-3.676676251288095,14.790186910476695,-0.07248976432298448,7.966355266493134,4.224277113150626,3.9158636763444807,5.65943678920973,-0.8883916993862258,8.942532176471259,-4.240596731507643,4.239829446545048,-1.3660590486999662,-12.836064420001566,4.298863933819335,-7.361242840978586,2.057358670430558,-1.0152167458831425,0.026858938720556447,-5.298635799397475,-8.316943133133382,-11.935896050664883,-2.2378171245705296,13.383168373141093,-10.575845333581182,-5.452599529728454,-0.8577807314609722,-7.987022746331101,10.900762528158598,-7.189841265162916,6.1421264209439,-3.088178934441787,-10.3354364767603,-9.271176944291703,-5.65259427422403,-11.792267209635165,-8.824428488524626,-4.939723369402097,-7.082540352440084,1.2484061901157464,9.670435137611705,-15.046343622935948,-7.2967207877502,-0.12505245712061797,-1.6653616625342078,-4.523808439018561,10.533153873997604,9.205739801837517,5.79622206787635,-0.527545152713139,4.394435981249405,-2.1374735981224475,10.704961048696191,-0.46127964765323126,0.5876674593333311,-12.830418377349108,2.7037809742620125,6.702827433043672,-9.310990059183855,4.763416526329815,-6.979811720097482,-3.22154668140037,-4.127029320754096,-11.454143957224824,-2.4669901442273856,14.363135414989607,-4.365925451554805,3.9232108271501893,-2.009935105595095,1.1177417310944007,-11.189214565303518,-1.037558581854881,-8.65049063577371,-1.431085287034818,1.5928253400307018,-6.827769717789797,1.6714000821177755,5.936434472268414,-3.6178756424382,1.3172660263471574,-17.287719623517006,8.252863607054389,-0.19959381601895698,1.42428329403071,14.728087871415067,14.750910306659453,-6.729986309135253,0.5643813126936781,-5.257096456371959,-9.699695464763339,2.313995248058788,4.326227491468812,-6.204492322736938,5.946637935501999,7.401976466408756,-2.2998969276155927,-14.896395781599615,6.330201142677099,-3.3049399141258737,6.265417741973782,-1.6484592264549605
-3.1740033283144564,18.94049123941914,-0.7063616790771636,6.941054450100088,3.3483927954499775,4.714260277922864,4.143092333159364,-2.5671028711269273,10.201517890944409,-3.6128921952143465,7.840996407453402,-4.987991515389124,-15.959400948367932,3.9144627396050824,-2.5048245652343972,0.8109784773684883,-0.10435470736841612,-0.20562218271542165,-4.034676458941225,-8.651735060643084,-10.290786376769592,0.16020457188010973,10.23319300600837,-6.7661734777758,-8.095726522987336,-3.9659716317497233,-8.64362075110368,9.661084368496011,-4.206470400273031,7.051756298063065,-3.243361970419813,-7.596920515622432,-13.867747257619113,-4.129214597028604,-9.264853895302505,-8.50157093915644,-3.469608818047775,-4.632212182213501,-0.47929194424154,9.742752208031664,-11.5388764499398,-3.8749604479629065,-0.17276442248405832,3.1268623372250643,0.5044006751720849,12.898782411200413,10.002910536565716,8.667731415908339,-5.886981186229118,-0.22896066663177184,-4.927822611997249,12.467799438200057,-0.29311056330769203,-0.5384083528177319,-10.258334733154797,5.08255852437082,4.164156104432431,-8.641289064170461,-0.23896579987651023,-4.06476893199567,-7.0875094573887765,-3.6844836008961988,-12.500469707578775,-1.1099468455124453,12.881538451600717,-5.381200792234896,2.6388733741122756,-2.9348277718622913,2.4266957374675577,-10.489503764258197,2.5909460881830277,-5.17525132526116,-3.284913470118574,2.9594149066012903,-4.687622077930712,5.555152496687872,4.323484904044646,-2.5583372217682863,0.16798384161130198,-12.558568345929988,2.9815289644009146,-2.3499082645978717,8.315876124102445,11.202820209574812,12.71876016072207,-2.749395735754101,2.0317644790885385,-4.773092407639439,-10.958931147806508,-0.17395931956536392,7.35653125285962,-2.6766058574174973,2.232798270990067,6.906919050178537,-6.922014932561213,-20.750045240191312,5.1691674338443825,-2.8487349525192496,3.9958099234001674,-3.407915844999753
-1.3157224717041203,20.425980644654594,-2.206114751308987,4.5003584289168455,1.0918431227900003,6.452968197110892,3.993572984046304,-3.8107057608401798,9.478926793747078,-1.6737049857465802,8.125917287270763,-4.126437899907764,-17.25031956696582,0.8290139122290059,2.3928715001212293,1.702791412277458,0.8066568246636647,0.5445965950479743,-2.860730766539091,-8.878163811561581,-8.460302973604426,1.4869578181460685,6.104147712609968,-3.0107976314888805,-12.102729686186919,-6.94052938879721,-9.570367688774274,7.5032009383809,0.5051777975093468,7.619487900040688,-4.1751150661999485,-3.5465835378655504,-15.592447410225658,-0.6864416547143315,-4.505702549717908,-8.085616805736864,-2.8157175513197665,0.5507692539963571,-2.7043238649751107,8.27776385793103,-6.6355169929264015,-3.0160416930391207,-0.6005692212573761,7.649379383500249,6.35534988164328,14.381007440335644,11.158217767309031,12.170836358245529,-10.694732400397738,-5.16587863065925,-5.848385388278701,12.712184853384542,0.5900483184470957,-0.5824341007363607,-8.130525326447014,6.476338467770313,1.847989986095822,-7.6778897900208225,-3.57486053363748,-1.2220745248995866,-14.209398785274423,-3.0088105928934787,-9.448037403107794,1.8351628806961153,10.727217816492661,-6.416027960303532,3.3378324309072216,-3.9065938543949112,3.2310590055445303,-9.697943499854368,3.9667753038687383,-1.0364668402715136,-5.229149539145579,5.2173215500542955,-3.666173387079182,9.227301866950814,1.881528728914701,-1.181820715917178,-0.4471033722592912,-11.149258000054212,-2.3345731284102973,-4.299787968744546,12.786948830731061,7.370304213447255,9.261332353855357,-0.7883979963227583,3.6788333714775234,-3.2389610226344665,-12.23016631232435,-2.1976753251327183,5.853434884789486,-0.8138066355942684,0.6405299459192779,4.622489161097841,-10.650256336839771,-23.113722329962755,3.63092433121225,-3.385914929319705,0.613394001683929,-5.826946967646537
2.088993247474707,18.469965692008067,-3.7224943175227914,1.3922101347032405,-0.3499636263863346,8.83904269586705,5.650474790368874,-5.161425463366141,7.196080195639503,0.1651226395767793,6.320031037263719,0.4518377908566593,-16.228220385827438,-3.6976576324211363,5.636881785773986,4.849502528707982,0.46167203538035173,0.6114870228008181,-2.5364699879556207,-8.018254840885215,-6.341948317472797,2.7189713431941716,4.011975171540985,0.9068891895202107,-17.7170908261361,-7.766084910403444,-9.126315597553287,6.144158419429868,5.990931594957016,8.501715377092884,-5.39250541612261,1.310024411771077,-14.085883513453814,2.957458753585487,1.6129157509437242,-7.153911215135993,-2.1916446302333403,6.6202421954847335,-5.205909669960278,6.736075650738731,-1.9478014716230465,-4.257828689472904,-1.7235661926825454,9.8642621138715,12.704512751459216,14.257484240731793,12.090919077251133,15.627283855632797,-12.996289455407956,-9.785953105957516,-5.379204515125921,11.474326753393957,2.3086973825930484,-0.5648076006259162,-7.85703628911029,6.1682894118437765,0.13208592539496955,-6.284407336573803,-3.14844688215873,-0.2128917373247714,-21.521735534967743,0.07453408511056558,-4.333510815002426,5.160849405957465,10.261762539941142,-6.4929783950668085,6.552899055816724,-4.24930583164824,3.668323611528971,-7.779327418114728,2.450674521327821,2.7451273989202924,-5.830977178322718,6.895731715995787,-4.677637493598865,11.439222518449727,-1.5360045231714752,0.26728264558146186,-1.2434546302952594,-12.563961234431563,-6.603316750092748,-5.250894305564289,13.786986458920948,4.870015528413681,6.617715031176642,-0.6455230042947182,5.571601814371348,-0.701454934934141,-13.016104965420228,-2.462673399474044,1.4515422044079713,-2.395253075877664,1.2324108893742625,1.030079217580755,-11.955544163319093,-21.06123498569759,3.6779087275503315,-4.258014732993479,-4.041268125233161,-7.746663487013036
6.156956680155423,13.975020275943606,-4.257759824832645,-0.20090784006000417,0.7168462161025682,11.282290767105199,8.103044547268398,-6.701312513091004,4.156801448259925,1.1310520394585968,4.437558949914508,5.940579729677996,-13.806889529676214,-7.714632627921887,6.563437260536999,8.785401364419183,-2.044291475188423,-1.4942340388301378,-3.0036086845148637,-5.540734994321136,-4.489033955158456,5.123510453376628,5.944268856549619,4.595236523118213,-23.88769741970848,-6.09714904172443,-7.486083191951307,6.7322988353910285,10.323166626057127,9.375743162768536,-6.798664571409635,6.414332192933994,-10.382287268784092,5.266867948340506,7.554726644016506,-5.326473960812163,-0.45866253896459064,12.01403523790787,-7.788566525535826,6.224931154693739,2.3126998210036636,-5.75536579549569,-3.1754874515106515,8.312050422595382,18.10261644019421,12.532750077741087,11.885436611344911,17.76992640185002,-12.431384324533607,-13.794648098794752,-4.777763795499217,8.15954275923547,4.6948714608123705,-0.8319488212356587,-9.926560180233949,4.421650073292692,-1.3041063566408333,-4.351095313087144,0.16029760679179716,-2.079462346577345,-25.533320868359105,5.988229775247729,0.8845809000285252,7.6441385332703735,12.905098864752137,-5.885121429405378,10.107888429467696,-3.3431891927566673,3.9830428374231692,-3.7707599103790277,-0.9732407233408908,5.304764989536645,-4.545218988791578,6.840260630010567,-7.239571595327373,12.27895886528153,-5.6131552249611145,1.8430550287574246,-2.8319120327228076,-14.425250980485094,-9.256130859549227,-4.25371078851806,12.271343033777194,4.912799667187652,5.68749329769201,-1.3497164950009868,7.694441702428916,1.903992723892611,-13.310218484534786,-0.8933322388553195,-3.144047196656281,-6.77373317124099,3.096066685097369,-3.047947927828579,-10.2078198216872,-16.22467704753454,6.088739860339662,-4.464844580856376,-9.14272099077275,-8.4363632563491
9.287332526710495,8.939645030128784,-3.5012872204418377,0.6973105825322152,4.127217868594936,12.923359020996491,10.077586569795798,-7.524108312153804,1.6194289101203316,2.2868912618322135,3.2883448947778504,9.754169383934473,-11.313136859488424,-10.431233934625826,5.166640905596173,11.46595096342594,-5.926443564956914,-5.273458820911089,-3.3423017311660814,-1.5237872132655808,-3.234195296200765,8.9973041539336,10.967034201097636,7.268118560305231,-28.626581120896788,-3.5215477198902327,-5.946855782446089,8.989647475190367,11.82709783581305,8.805556456453468,-8.672333485301744,10.663462684407678,-5.814998271122982,5.614157808197781,11.957570810428502,-2.472187600506958,2.308199260619851,15.790424677731846,-10.08964076342717,6.482224781115263,6.826575123186792,-5.916257114419878,-4.34514400842982,3.3094146041967836,20.87496624586877,10.002437224649446,9.312640360004321,17.189926501537993,-9.883602150519582,-16.694794456308884,-5.374167501227058,1.9885840229418408,7.396033720817492,-0.7962477971230779,-13.111550894603509,2.0519875207697047,-3.010372048735558,-1.9859174010603526,3.355929592648737,-6.239079226193025,-24.600985751921247,12.85867358193617,5.403916221207219,8.464086458096673,17.756849737355125,-5.5561907864754545,10.702687047861314,-1.129199688385453,4.200635530131772,1.8908094631460806,-4.4635655110674834,6.130526477480272,-2.0339890177127047,5.118833626565332,-10.021064372508352,12.596486859278032,-9.502991266340224,3.9394948606238636,-5.132050772027734,-14.299655054667271,-10.281996044381733,-0.8635181901301672,10.69908035427921,7.51235308461487,5.420747723666899,-1.595951482932895,9.980932178366448,2.88852613816728,-12.995273855936013,1.3027895169751602,-5.954365914567674,-12.020467132292953,4.801846728955233,-6.608618218684541,-6.139591573476873,-10.996251167600818,9.66084881407518,-3.443196298326314,-13.282888448318527,-7.495900560727909
10.547735452911626,5.257456628421975,-2.3956039766305817,2.5082843298123976,8.247264661709107,13.337744537806831,10.945721626878584,-6.904102900538726,0.5067196228157143,4.714566355410607,2.333532420423178,11.0163493290867,-9.30243646359699,-12.180554357169026,2.5014898026867334,11.647931742322989,-9.553913585644558,-9.008000441392198,-2.460867240967766,3.0467652276118553,-2.060280183689409,13.681479403794068,15.885391132644761,8.554608234170558,-29.99357566376581,-1.6361107084255435,-5.041634710541908,11.362931248049279,10.190751825983405,5.703896768999718,-11.28505876385444,13.071371761234875,-1.414125076982712,4.339205293422125,14.727703761494425,1.175192355189866,4.751836409302233,16.913520898894735,-11.83397039090894,6.349778300487144,11.610579293897626,-4.26774715021666,-4.671367914340849,-3.0824166067727887,20.667279237261795,7.22865933490576,3.842100694706005,13.64732810873345,-7.132560630313,-17.70070102551663,-7.470073356544173,-5.7139627555185815,9.885383989976017,0.37167690224599426,-14.859945487838875,-0.06684133568525663,-5.460880361114981,0.5489192322352867,3.8283086805697977,-10.681571225849579,-19.917549620039843,17.961244531281583,8.83014603346778,7.5245183273820455,22.084033644338493,-5.983195438235027,6.281400402648488,1.9254454984205926,4.182901516931974,7.504744624741317,-6.4156289217631635,5.719771835189767,0.32430503392617394,2.85404866899749,-11.67170384367317,12.623378709725397,-12.105802520562499,7.0155642538300835,-7.259326895613622,-11.76034772238964,-9.794729996749522,3.739511425676916,11.191257948538254,11.136995361663377,4.221415773679134,-0.6039807277687776,12.340068860116638,1.627118688259749,-11.89562048563602,2.5731330429938692,-6.504210750409165,-15.97137366381055,5.0642283402552035,-8.998067223181407,-1.4179096991129327,-6.496613559129072,12.558083495743487,-1.6405022494168067,-15.85323750132952,-4.68219509032237
10.508756768826608,3.8397230066634336,-2.2942553850944143,3.0327071255824696,11.674714750248661,12.823630235006606,10.725514158951341,-5.025380030383282,0.7075438876443645,7.901868097884609,0.7999328107595112,10.33581999899349,-7.596557531535195,-13.223607292902193,0.742871444013935,9.549774393052235,-11.750402016213432,-11.166837451335702,-0.2515740414733383,6.716109063595081,-0.30866225910484957,17.855515378721122,17.881942811828857,8.616113874942785,-27.181137239009665,-0.9175201697877846,-3.8000971619428254,12.410886760617487,6.63079344853276,0.8758112006497818,-14.09964343093511,13.792687913086343,2.037877623978165,2.442986292369112,16.671923792086933,5.089866835601624,5.683251959657536,14.683638898268395,-13.202906530693674,5.151518768615822,15.692748216590712,-1.6572998210872152,-4.435335515946562,-8.552207601879761,18.64769354962538,4.419909491680687,-3.1126909075204345,8.738567810589434,-5.6850805894287975,-16.712436307704092,-10.087415560423313,-11.919130627123529,11.611399633529569,2.835424499926817,-13.34396949910228,-1.5123618526619795,-8.760999133943702,3.0050283903006925,1.0425662324383396,-13.215904938521344,-14.565846808601865,19.195903586154984,10.42000056922636,5.5240792104788925,23.209469563428563,-6.550658730398968,-1.9695293166706769,4.985696905548072,4.010964441475572,11.436702147482917,-6.245573035853134,5.486318616835617,1.2546898971854448,1.107189281211382,-11.425161955435762,11.88441601585684,-12.718416728605746,10.731475414602002,-8.589180815249462,-8.338486838024744,-8.274331147425169,7.32264702841224,13.535064909198182,13.456890233032336,1.5286769199910033,1.309514984435749,14.241264166533936,-0.6338486414633708,-10.105640128870673,2.1587105156428676,-5.15333395070697,-17.169330545684108,3.597255763131892,-10.260749165150498,2.000335458142258,-2.4396597050387676,13.787425458050109,0.1025771760203229,-17.51475775858351,-0.511311374271477
10.201234519514582,4.202208528372873,-3.462982491489022,1.9784484913433396,13.854678968651157,11.744182280481654,9.804820020538198,-2.3819892339446938,1.3008955007851999,10.465595005862854,-1.3310725625883206,8.747258070076967,-6.119065917471681,-13.448672144990182,1.2662613336690018,6.5061449981798525,-11.980955628296135,-11.20792413544454,2.1187837748276372,8.55113788450439,1.8115454392414811,19.8534506728729,16.44331996307668,7.8485670954531015,-21.360039562827346,-1.1365039486183999,-1.2473238955474688,11.93680633839653,3.315231932081211,-3.337169790955972,-15.602547014073835,13.826687258483194,3.9652623383662178,0.970765515990061,17.99024581932842,8.261436522554227,4.985620886908228,10.12589895378009,-14.282224615413472,3.183316995375103,17.85714875258295,0.39961141285444146,-4.627045924834466,-11.747615263213689,16.151643523705573,2.1772929396504317,-8.604890371552305,4.550716633533438,-5.392290258999023,-14.616895968261101,-11.97141706900779,-14.535587679045584,12.104474099617693,5.560016271550379,-9.152766964717102,-2.3386159568954756,-12.0847633184291,5.010671413196068,-3.436511882492283,-12.81810482390156,-11.178199991471585,16.046446902646714,9.691913129799373,3.4580731848948334,20.38295368311864,-6.299070996215037,-9.87475977351853,6.865401095428444,4.048552387556102,13.02006835993586,-4.565740929401435,6.221789489996848,0.49394431677021666,0.28540105537573224,-9.498510094043601,10.277769304300081,-11.631644995649934,13.605825065978305,-9.43039052707328,-5.792660046341664,-6.718503784468416,8.623229773548843,15.363553787823946,12.979986103205368,-1.7322757053199656,3.0384570003301477,14.879863670546817,-2.193429271869556,-7.849760405248768,0.5949907900969804,-2.5695660853037925,-15.649333804905666,1.4526977901082478,-10.653477993752132,2.7126472484500557,1.385157713803972,13.405015751414192,1.229207106984017,-18.856712841467758,3.3512645523670503
9.838789097381296,4.846972389253647,-4.743274103500965,0.7421088993781542,14.227817347602533,10.21976760509749,8.518369139562814,0.09805115433065303,1.4055672847413851,11.235860151705275,-3.0413394739274384,7.137148280870473,-5.214225286933569,-12.578181413742259,2.9687999020750393,4.168513821833912,-10.401278667067388,-9.887960443669813,3.388692773773899,8.443741410575505,3.2074046762500608,18.59554713160096,13.143547308468413,6.692888965824194,-15.341791406957384,-1.5935997236068458,1.746220590779613,10.450402400464057,2.044504263968077,-4.9808542774102325,-14.533902296913773,13.576876472187479,4.057190172614408,0.377787623270994,17.867936491402112,9.283874414251303,3.498376066271688,6.077633237659726,-14.254702046613222,1.3279675919835219,17.255238662820634,0.9358398193851718,-5.347099010811878,-12.056913455403008,13.808793270434139,1.3490288176939123,-10.203827595343583,2.340217655138547,-5.2005294107853794,-12.320699555478658,-12.194404035927828,-13.502124440150633,11.106900768855986,6.855375725701854,-4.954217428552443,-2.6077625465138796,-13.566727527383057,5.759529623694988,-6.70567649129088,-10.364288951922488,-10.190605157277172,10.524829128072508,7.546272286252984,2.2278141794603203,15.543595131184256,-5.161648426463165,-13.036535829891939,6.714601213835167,4.275985470525141,12.257073657736758,-2.7025121721449294,7.112761294459875,-0.9627643311382634,0.3079320523570357,-7.038370228846681,8.377651184230169,-9.76589385562101,14.093547518840987,-9.843353384618226,-4.7910733864127,-5.76680485652081,7.8324291350609165,14.610310952123012,10.172522105907445,-3.746283132357979,3.5359604007287295,13.853022139572758,-2.338224428169017,-5.604428173032886,-0.8246639772930724,-0.1703131779364071,-12.755551146134815,0.09862347720253961,-10.056902605927702,1.2249037369939235,4.012606562704942,11.93005856520749,1.4742756933142096,-19.075943853060245,4.9468444165897125
8.84958754614647,4.549930060028883,-4.584425333702143,0.4876831819185692,12.0449759199294,8.531861969485277,7.09409803982947,0.6992899598225488,0.9264100391023828,9.331185004381059,-2.8772844134146984,6.072107361650891,-4.926358284388581,-10.423631389738425,3.6106967850054144,3.6579820394078526,-7.990769550756582,-8.130599274280804,2.8014348513729654,6.612460992277158,2.779806240344893,14.579005875443313,10.18563573208954,5.52408149617237,-12.229146269491187,-1.526466174089051,2.7185335704004245,8.562013641182816,2.8432976475623057,-3.432101316571263,-11.215671215023619,12.186515591609217,2.6024830837150494,0.5895440820481928,15.285408192790952,7.3559170893994725,2.4226775548597956,4.950379215998577,-12.157931686304892,0.7739935353318632,13.793079786835687,0.08417431942524622,-5.382894738629194,-9.430713261729332,11.911417860010022,1.9426027182576773,-7.347021235054541,2.6293398767162977,-4.604042767111735,-10.416077108221767,-10.141634341655156,-9.942761957549928,8.90109772270452,5.609848662509039,-3.5626030667348445,-2.1845238344545557,-11.508193682506567,4.616792270984096,-6.049797967916673,-7.770724314946388,-10.22696499936472,6.732328050886855,5.545042227981668,2.25307030936908,11.873822181427904,-3.869492678042894,-9.64782007608867,4.820371543011715,4.048867637324536,9.55610754881973,-1.9273539730311642,6.6871083731140715,-1.5791424916966732,0.7246893703123864,-5.4719736747512755,6.881703031297156,-7.943716118513533,11.523043529140597,-8.878739240188526,-4.950960077462302,-5.2931044315619875,5.732091402314367,11.31233077987561,7.148113633699209,-3.0107239598709175,2.5476426456032177,11.308664784801472,-1.3240151786357597,-4.411226331509585,-0.935070937007886,0.3240966099689704,-10.124501188209367,0.28133206678872025,-8.31029276955475,-0.3863791386429777,3.70316243606468,9.895995664998448,0.9048116449038135,-16.664042118247565,3.4885224915105084
6.831859824884645,3.2041392112162743,-2.4605983370882885,1.2375423310473024,7.373797886115091,7.115220115707027,5.865856280022255,-1.619850603336518,0.30864535206265614,4.635926004112908,-0.3292546030199839,5.573880077876298,-4.730098882927865,-7.23700642624245,2.3538938464195995,4.964018777632443,-5.865734480825634,-5.973255102881057,0.1410748457813984,3.3799792262108395,0.38267796030394585,9.347528948328426,8.79592913361736,4.5496000936990155,-13.318390266100543,-0.8074135897530195,0.1673184217764998,6.825780952334276,4.3847434854140355,0.8119245822470287,-7.114747671058913,8.819049927002572,0.4536310989202015,1.403906650889974,10.080798770422824,3.0900019504391913,2.3893890339619412,6.721713782059934,-8.18578352454993,2.2707568858206706,8.33525466389677,-1.4486926127738782,-3.851781187381021,-4.67859669051758,10.64474351726361,3.026074619160227,-1.1485609637281549,5.226563573916434,-3.620396910291052,-9.227953831112574,-5.965838434179636,-5.132550491143335,6.18083091341884,2.0306769965229625,-5.852987062024917,-1.0252986186085487,-5.978691025833427,1.9132205110454148,-0.9891438251786688,-6.13001559144355,-9.9255353284024,7.433967860148841,4.2689596044956435,3.1237895011991945,10.973537142603837,-2.9068630661277157,-1.1325746433777937,2.213900700415475,2.9290977648531915,5.813414661786943,-2.679970329801965,4.345048195473922,-0.5372883935831343,0.9971684281759066,-5.47729887842795,6.123473764902638,-6.586149362151177,6.227359225966039,-5.893124589772091,-5.649252854528081,-4.953205857154117,3.167709357018955,6.850008857189934,5.722646609586023,0.5140203858778465,0.5692695967891055,7.739433514851709,0.29250813415300647,-5.055156368214499,0.5866623927940036,-1.4711491702568367,-8.583689905892943,1.8196254842446207,-5.772073527795859,-0.7604270842364098,-0.18651751566323327,7.7202084555683355,-0.11349358664748843,-11.256435961102007,-0.24634574208943683
